70.67742 23.65868   # Hammerfest approach 048
70.5528  23.325
70.6236  23.1861
70.67742 23.65868
-999.999 -999.999
70.68186 23.67854   # Hammerfest approach 228
70.8028  23.9806
70.7361  24.1264
70.68186 23.67854
-999.999 -999.999
65.96126 12.47397   # Sandnessjøen/Stokka approach 196
66.125   12.4833
66.0944  12.7
65.96126 12.47397
-999.999 -999.999
65.95243 12.46396   # Sandnessjøen/Stokka approach 054
65.833   12.2139
65.9     12.1
65.95243 12.46396
-999.999 -999.999
62.74865  7.28696   # Molde/Årø approach 258
62.8222   7.5833
62.7433   7.6278
62.74865  7.28696
-999.999 -999.999
62.74363  7.25516   # Molde/Årø approach 073
62.7297   6.9763
62.6528   6.9764
62.74363  7.25516
-999.999 -999.999
