65.0 7.85   #Sklinnabanken
65.55 9.3
65.9 11.8
65.2 11.4
65 11.25
-999.999 -999.999
65.55 9.3   #Trænabanken
66.6 9.55
66.8 12.8
66.4 12.25
65.9 11.8
-999.999 -999.999
66.8 12.8   #Ytre Vestfjorden
67.2 13.7
67.4538 14.2413
67.6163 14.4208
67.7667 14.3832
68.0307 14.894
68.0987 14.7422
68.1512 14.6232
68.1135 13.9092
67.9767 13.2532
67.5573 12.6037
-999.999 -999.999
66.8 12.8    #Røstbanken
67.5573 12.6037
67.6463 12.5072
68.03 12.9083
68.22 10
66.6 9.55
-999.999 -999.999
68.22 10    #Vestrålsbankene
68.5 10.75
68.8 11.4
69.2 12.15
69.55 12.65
69.55 15.2
69.4258 16.4588
69.3323 16.0627 
69.0718 15.1637
68.84 14.5487
68.03 12.9083
-999.999 -999.999
69.55 12.65    #Bankene utenfor Troms
70.8 14.4
70.4627 21.3347
70.342 20.1677
70.3128 19.2153
70.1092 18.4058
69.9058 18.0077
69.6872 17.76
69.4258 16.4588
-999.999 -999.999
70.8 14.4   #Tromsøflaket
72 15.75
72.4 19.85
70.8397 22.6858
70.681 21.9413
70.4627 21.3347
-999.999 -999.999
72.4 19.85  #Hjelmsøybanken
72.9 24.2
71.1942 25.8142
71.1042 23.9885
70.8397 22.6858
-999.999 -999.999
72.9 24.2   #Nordkappbanken
73.3 30
71.1503 27.6433
71.1167 26.7832
71.1942 25.8142
-999.999 -999.999
73.3 30     #Nordbanken
71.1 35.75
70.4225 31.1445
70.7112 30.1582
71.1058 28.2378
71.1503 27.6433
-999.999 -999.999
71.1 35.75  #Kildinbanken
70.5 37
69.25 35.4
70.4225 31.1445
-999.999 -999.999
72 15.75    #Strekningen Tromsøflaket - Sørkapp
76.5 15
76.5 20.2
74.45 20.2
72.4 19.85
-999.999 -999.999
74.45 15.4
74.45 20.2
-999.999 -999.999
74.45 20.2  #Det sørvestlige Barentshavet
75 25
75 40
69 40
69 36.75
-999.999 -999.999
75   40   #Det søraustlige Barentshavet
75   55
74.5 55
71.5 51
70.5 55
69 55
69 40
-999.999 -999.999
75 40   #Det nordaustlige Barentshavet
80 40
80 50
80 55
75 55
-999.999 -999.999
76.5 20  #Det nordvestlige Barentshavet
80 20
80 23
80 30
80 40
75 40
-999.999 -999.999
80 10  #Fiskefeltene utenfor Nord-Spitsbergen
82 10
82 23
80 23
80 20
80 10
-999.999 -999.999
68.22 10  #Strekningen Vesterålsbankene - Jan Mayen nr 1
69.67 -2
-999.999 -999.999
70.33 -10  #Strekningen Vesterålsbankene - Jan Mayen nr 2
71.5 -8
69.55 12.65
-999.999 -999.999
65.1518 5.542 #Skjoldryggen
67 7.32
66.9 8.556
65 6.5
65.1518 5.542
-999.999 -999.999
69.67 -2  #Overfarten Ålesund - Jan Mayen
64.5 6.5
63.95 5.25
63.467 3.533
70.33 -10
-999.999 -999.999
63.25 7.4   #Frøyabanken
63.95 5.25
64.7 7
63.95 9.2
63.25 7.4
-999.999 -999.999
64.7 7     #Haltenbanken
65.0 7.85
65 11.25
64.5 10.3
63.95 9.2
-999.999 -999.999
63.25   7.40    # Storegga
62.27   4.65
63.00   2.00
63.95   5.25
-999.999 -999.999
65 7.85         # Storegga til 0-meridianen
65 6
65 4
65 2
65 0
-999.999 -999.999
63.00   1.00    # Aust-Tampen
63.00   2.00
62.27   4.65
61.00   4.65
61.00   4.00
61.00   1.00
-999.999 -999.999
63.00   -3.00   # Vest-Tampen
63.00   1.00
61.00   1.00
61.00   0.00
61.00   -3.00
-999.999 -999.999
63.00   -10.00  # Færøybankene
63.00   -3.00
61.00   -3.00
61.00   -10.00
63.00   -10.00 
-999.999 -999.999
62.31 -7.25 # W-Færøyene - SE-Island
64.7 -14.3
-999.999 -999.999
51.00   -15.00  # Fiskefeltene vest for Irland
55.00   -15.00
55.00   -11.00
51.00   -11.00
51.00   -15.00
-999.999 -999.999
52.60  1.70      # Kanalen
52.00 4.00
-999.999 -999.999
48.50 -5.00     # Kanalen
50.00 -5.70
-999.999 -999.999
44.0 -10.0 # Biskaya
50.0 -5.7
-999.999 -999.999
47.8 -4.4
43.3 -8.4
-999.999 -999.999
58.00 -15.00    # Rockall
58.00 -12.70
56.30 -12.70
56.30 -15.00
58.00 -15.00
-999.999 -999.999
58.7 -9.0       # Hebridene
58.7 -5.0
57.5 -6.95
56.2 -6.95
56.2 -9.0
58.7 -9.0
-999.999 -999.999
61.00   -3.00   # Shetlandsbankene
61.00   0.00
58.50   0.00
58.50   -1.00
60.00   -3.00
61.00   -3.00
-999.999 -999.999
61.00   0.00    # Viking
61.00   1.00
61.00   4.00
58.50   4.00
58.50   0.00
61.00   0.00
-999.999 -999.999
58.50   -1.00   # Fladen
58.50   0.00
58.50   4.00
56.00   4.00
56.00   -1.00
58.50   -1.00
-999.999 -999.999
56.00   -1.00   # Dogger
56.00   4.00
54.22   4.00
54.22   0.77
56.00   -1.00
-999.999 -999.999
61.00   4.00    # Usira-Nord
61.00   5.00
-999.999 -999.999
59.00   5.61
59.00   4.00
-999.999 -999.999
59.00   4.00    # Utsira-Sør
59.00   5.61
-999.999 -999.999
57.90   7.08
57.76   7.46
57.76   4.00
-999.999 -999.999
57.76   4.00    # Fisker
57.76   7.46
57.13   8.53
-999.999 -999.999
56.00   8.10
56.00   4.00
-999.999 -999.999
56.00   4.00    # Tyskerbukta
56.00   8.10
-999.999 -999.999
53.10   4.73
53.54   4.73
54.22   4.00
-999.999 -999.999
60.00   -5.00   # Orkenøyene
60.00   -3.00
58.50   -1.00
58.50   -3.05
58.67   -5.00
60.00   -5.0
-999.999 -999.999
57.75   10.67    # Indre Skagerrak
57.86   11.5
-999.999 -999.999
58.40   8.85
57.75   10.6
-999.999 -999.999
58.97   10.225
59.044  10.653
58.939  10.904
-999.999 -999.999
66.5 -20.0       # Området nord og nordaust for Island
70.0 -20.0
70.0 -15.0
70.0 -10.0
65.0 -10.0
65.0 -13.4
-999.999 -999.999
70.0 -20.0       #Nordaustlige del av Danskestredet
70.0 -22.0
-999.999 -999.999
67.0 -34.0       # Området utenfor søraust Grønland
67.0 -30.0
64.0 -30.0
60.0 -37.0
59.63 -43.93
-999.999 -999.999
64.0 -22.6
64.0 -30.0
67.0 -30.0       # Området west av Island
67.0 -20.0
66.0 -20.0
-999.999 -999.999
70.0 -10.0       # Norskehavet 63-70N 0-10W
70.0 -5.0
70.0 00.0
63.0 00.0
63.0 -3.0
63.0 -10.0
70.0 -10.0
-999.999 -999.999
62.35 -7.35      # Overfarten Færøyene-Kap Farvel
62.47 -9.06
62.54 -10.83
62.61 -12.60
62.63 -14.48
62.64 -16.19
62.61 -18.12
62.59 -19.89
62.54 -21.66
62.44 -23.43
62.32 -25.14
62.20 -26.97
62.05 -28.79
61.91 -30.50
61.74 -32.22
61.46 -33.84
61.24 -35.50
60.99 -37.11
60.71 -38.73
60.43 -40.34
60.09 -41.85
59.76 -43.37
59.63 -43.93
-999.999 -999.999

