63.3 7.3
63.9 5.1 # Frøyabanken langs kyst 63.3 7.3
64.6 7.0
64.1 9.1
-999.999 -999.999
64.6 7.0  # Haltenbanken langs kyst 64.1 9.1
65.0 8.29
65.0 11.0
-999.999 -999.999
65.0 8.29 # Sklinnabanken
65.55 9.3
65.9 11.8
65.00 11.0
-999.999 -999.999
65.55 9.3
66.6 9.55
66.8 12.8
66.4 12.25
65.9 11.8
-999.999 -999.999
66.8 12.8
67.2 13.7
67.68 15
67.9 14.2
67.4 12.6
-999.999 -999.999
66.8 12.8
68.075 12.3
68.22 10
66.6 9.55
-999.999 -999.999
68.22 10
68.5 10.75
68.8 11.4
69.2 12.15
69.55 12.65
69.55 15.2
69.08 14.4
68.7 13.7
68.4 13.1
68.075 12.3
-999.999 -999.999
69.55 12.65
70.8 14.4
71 22.4
70.7 21
70.5 20
70.3 19
70 18
69.75 17
69.57 15.7
69.55 15.2
-999.999 -999.999
70.8 14.4
72 15.75
72.4 19.85
71 22.4
-999.999 -999.999
72.4 19.85
72.9 24.2
71.6 28
71.4 25
71.3 24
71.1 23
71 22.4
-999.999 -999.999
72.9 24.2
73.3 30
71.6 28
-999.999 -999.999
73.3 30
71.1 35.75
70.4 31
71.6 28
-999.999 -999.999
71.1 35.75
70.5 37
69.25 35.4
70.4 31
-999.999 -999.999
72 15.75
76.5 15
76.5 20.2
72.45 20.25
-999.999 -999.999
68.22 10
70 -8
71.5 -8
69.55 12.65
-999.999 -999.999
62.3 4.7
63.00   2.00    # Storegga langs kyst 62.3 4.7
63.90   5.10
63.30   7.30
-999.999 -999.999
65.0    8.29    # Området fra Storegga/Haltenbanken til 0-meridianen
65.00   6.00
65.00   4.00
65.00   2.00
65.00   0.00
63.0 0.0
-999.999 -999.999
63.85 4.91 # Storegga-Jan Mayen
66.0 2.0
70.9 -8.2
-999.999 -999.999
62.31 -7.25 # W-Færøyene - SE-Island
64.7 -14.3
-999.999 -999.999
61.00   4.70    # Aust-Tampen
61.00   4.0
-999.999 -999.999
61.00   1.00
63.0   1.00
63.00   2.0
62.30   4.70
-999.999 -999.999
63.0 0.0
63.00   1.00 # Vest Tampen
61.00   1.00
-999.999 -999.999
61.00   -3.00
63.00   -3.00
-999.999 -999.999
63.00   -10.00  # Færøybankene
63.00   -3.00
61.00   -3.00
61.00   -10.00
63.00 -10.00
-999.999 -999.999
61.00   -3.00   # Shetlandsbankene
61.00   0.00
58.50   0.00
58.50   -1.0
60.00   -3.00
61.0 -3.0
-999.999 -999.999
61.00   0.00    # Viking
61.00   2.00
61.00   4.00
58.50   4.00
-999.999 -999.999
58.50   -1.00   #i Fladen
58.50   1.00
58.50   4.00
56.00   4.00
56.00 1.00
56.00   -1.00
58.5 -1.0
-999.999 -999.999
56.00   -1.00   # Dogger
56.0 1.0
56.00   4.00
54.22   4.00
54.22 1.0
54.22   0.77
56.0 -1.0
-999.999 -999.999
61.00   4.00    # Usira-Nord
61.00   5.00
-999.999 -999.999
59.00   5.6
59.00   4.00
-999.999 -999.999
59.00   4.00    # Utsira-Sør
59.00   5.6
-999.999 -999.999
57.90   7.08
57.75   7.46
57.75   4.00
-999.999 -999.999
57.75   4.00    # Fisker
57.75   7.46
57.13   8.53
-999.999 -999.999
56.00   8.10
56.0 6.0
56.00   4.00
-999.999 -999.999
53.10   4.73   # Tyskebukta
53.54   4.73
54.22   4.00
-999.999 -999.999
58.6   -5.0
60.00   -5.00   # Orkenøyene
60.00   -3.00
58.50   -1.00
58.50   -3.05
-999.999 -999.999
70.00  -22.00   # Nordaustlige del av Danskestredet
70.00  -20.00
67.00  -20.00
67.0 -30.0
67.00  -34.00
-999.999 -999.999
58.00 -15.00  # Rockall
58.00 -12.70
56.30 -12.70
56.30 -15.00
58.00 -15.00
-999.999 -999.999
55.00 -15.00 # Fiskefeltene vest for Irland
55.00 -11.00
51.00 -11.00
51.00 -15.00
55.00 -15.00
-999.999 -999.999
52.60 1.70 # Kanalen
52.00 4.00
-999.999 -999.999
48.50 -5.00 # Kanalen
50.00 -5.70
-999.999 -999.999
58.7 -9.0 # Hebridene
58.7 -5.0
57.5 -6.95
56.2 -6.95
56.2 -9.0
58.7 -9.0
-999.999 -999.999
66.5 -20.0 # Området nord og nordaust for Island
70.0 -20.0
70.0 -15.0
70.0 -10.0
65.0 -10.0
65.0 -13.4
-999.999 -999.999
67.0 -34.0 # Området utenfor søraust Grønland
67.0 -30.0
64.0 -30.0
60.0 -37.0
59.63 -43.93
-999.999 -999.999
64.0 -22.6
64.0 -30.0
67.0 -30.0 # Området west av Island
67.0 -20.0
66.0 -20.0
-999.999 -999.999
70.0 -10.0 # Norskehavet 63-70N 0-10W
70.0 -5.0
70.0 00.0
63.0 00.0
63.0 -3.0
63.0 -10.0
70.0 -10.0
-999.999 -999.999
44.0 -10.0 # Biskaya
50.0 -5.7
-999.999 -999.999
47.8 -4.4
43.3 -8.4
-999.999 -999.999
62.35 -7.35 # Overfarten Færøyene-Kap Farvel
62.47 -9.06
62.54 -10.83
62.61 -12.60
62.63 -14.48
62.64 -16.19
62.61 -18.12
62.59 -19.89
62.54 -21.66
62.44 -23.43
62.32 -25.14
62.20 -26.97
62.05 -28.79
61.91 -30.50
61.74 -32.22
61.46 -33.84
61.24 -35.50
60.99 -37.11
60.71 -38.73
60.43 -40.34
60.09 -41.85
59.76 -43.37
59.63 -43.93
-999.999 -999.999

