#FIR
69.8  30.82
70.37 31.72
71    30
71.33 28
71.33 25
70    15
65.75 7
-999.999 -999.999
65.75 7
65    6.1
63    4
62    5
62    7.5
62    12.2
-999.999 -999.999
65    6.1
65    6.5
65    7.5
65    8.33
65    12.23
-999.999 -999.999
63    4
63    0
60    0
57    5
57    7.5
57.83 7.5
62    7.5
-999.999 -999.999
58.89 10.64
58.5  10.5
57    7.5
57    6
-999.999 -999.999
63    4
63    0
65    0
68    0
70    0
72    0
74    0
76    0
78    0
82    0
82    2
82    4
82    6
82    8
82   10
82   12
82   14
82   16
82   18
82   20
82   22
82   24
82   26
82   28
82   30
80   30
78   30
76   30
74   30
71   30
-999.999 -999.999
