70.68186 23.67854    # Hammerfest
70.67742 23.65868
-999.999 -999.999
65.96126 12.47397    # Sandnessjøen/Stokka
65.95243 12.46396
-999.999 -999.999
62.74865  7.28696    # Molde/Årø
62.74363  7.25516
-999.999 -999.999
71.00637 25.99264    # Honningsvåg
71.00656 25.96845
-999.999 -999.999
62.18139  6.07945    # Ørsta
62.17750  6.06500
-999.999 -999.999
61.83055  6.11723    # Sandane
61.82972  6.10139
-999.999 -999.999
63.45825 10.94689    # Værnes
63.45835 10.88907
-999.999 -999.999
68.43847 17.38990    # Narvik
68.43153 17.38207
-999.999 -999.999
