# Innflygning Hammerfest (approach 048 + 228)
70.62    23.40    
70.67742 23.65868
70.68186 23.67854
70.76    24.03
-999.999 -999.999
# Innflyvning Sandnessjøen/Stokka (approach 054 + 196)
65.917   12.350
65.95243 12.46396
65.96126 12.47397
66.117   12.600
-999.999 -999.999
# Innflyvning Molde/Årø (approach 073 + 258)
62.694    6.945
62.74363  7.25516
62.74865  7.28696
62.77     7.4781
-999.999 -999.999
# Innflyvning Honningsvåg (approach 080 + 207)
71.006579 25.966031
71.00656 25.96845
71.00637 25.99264
71.05637 26.09264
-999.999 -999.999
# Innflyvning Ørsta (approach 122 + 240)
62.2133   5.866 
62.1633   6.001646
62.17750  6.06500
62.18139  6.07945 
62.181779 6.080895
-999.999 -999.999
# Innflyvning Sandane (approach 119 + 254)
61.85542 6.01057
61.82972 6.10139
61.83055 6.11723
61.86506 6.34016
-999.999 -999.999
# Innflyvning Værnes (approach 090 + 270)
63.459   10.688
63.45835 10.88907
63.45825 10.94689
63.458   10.978
-999.999 -999.999
# Innflyvning Narvik (approach 010 + 190)
68.429   17.132
68.426   17.351
68.43153 17.38207
68.43847 17.38990
68.503   17.427
-999.999 -999.999
