#the iptab file
17217
19533
1
20
0
0
0
0
0
2
-12
-12
-12
16
-8
32
-48
16
-42
-4
-42
-24
-82
-4
-82
-20
-50
-40
-12
-32
36
-32
-12
-48
36
-48
-12
-64
36
-64
32
-16
12
0
0
0
0
0
0
0
8270
21573
2
20
0
0
0
0
0
2
-12
-12
-46
16
-42
32
-80
16
-42
-4
-42
-24
-82
-4
-82
-20
-50
-40
-12
-32
36
-32
-12
-48
36
-48
-12
-64
36
-64
32
-16
12
-6
0
0
0
0
0
0
8270
20037
3
20
0
0
0
0
0
2
-12
-12
-42
16
-38
32
-76
16
-42
-4
-42
-24
-82
-4
-82
-20
-50
-40
-12
-32
36
-32
-12
-48
36
-48
-12
-64
36
-64
32
-16
12
-6
0
0
0
0
0
0
8224
20037
4
20
0
0
0
0
0
2
-12
-12
-30
16
-26
32
-64
16
-42
-4
-42
-24
-82
-4
-82
-20
-50
-40
-12
-32
36
-32
-12
-48
36
-48
-12
-64
36
-64
38
-16
10
30
0
0
0
0
0
0
8261
20037
5
20
0
0
0
0
0
2
-12
-12
-40
16
-36
32
-76
16
-42
-4
-42
-24
-82
-4
-82
-20
-50
-40
-12
-28
36
-28
-12
-44
36
-44
-12
-60
36
-60
58
-12
12
12
0
0
0
0
0
0
8224
8261
6
20
0
0
0
0
0
2
-12
-12
-40
16
-36
32
-76
16
-42
-4
-42
-24
-82
-4
-82
-20
-50
-40
-12
-36
36
-36
-12
-52
36
-52
-12
-68
36
-68
58
-20
12
2
0
0
0
0
0
0
8261
21317
7
20
0
0
0
0
0
2
-12
-12
-30
20
-26
36
-68
20
-42
0
-42
-20
-82
0
-82
-16
-64
-36
-30
-36
58
-36
-30
-52
18
-52
-30
-68
18
-68
36
-16
12
0
0
0
0
0
0
0
8224
21317
8
20
0
0
0
0
0
2
-12
-12
-30
20
-26
36
-68
20
-42
0
-42
-20
-82
0
-82
-16
-74
-36
-40
-36
38
-36
-40
-52
38
-52
-40
-68
8
-68
36
-16
12
0
0
0
0
0
0
0
8275
21317
9
20
0
0
0
0
0
2
-12
-12
-12
16
-8
32
-42
38
-42
8
-42
-12
-82
8
-82
-8
-42
-28
-52
-44
24
-44
-52
-60
24
-60
-52
-76
24
-76
20
-24
12
-2
0
0
0
0
0
0
8224
8275
10
20
0
0
0
0
0
2
-12
-12
-12
16
-8
32
-42
28
-42
8
-42
-12
-82
8
-82
-8
-42
-28
-62
-44
10
-44
-62
-60
10
-60
-62
-76
10
-76
20
-24
12
-2
0
0
0
0
0
0
8275
21591
11
20
0
0
0
0
0
2
-12
-12
-12
16
-8
32
-42
26
-42
6
-42
-14
-82
6
-82
-14
-54
-30
-2
-32
46
-32
-2
-48
46
-48
-2
-64
46
-64
34
-16
12
-2
0
0
0
0
0
0
8275
21335
12
20
0
0
0
0
0
2
-12
-12
-12
16
-8
32
-42
28
-42
8
-42
-12
-82
8
-82
-8
-72
28
-10
-32
38
-32
-10
-48
38
-48
-10
-64
38
-64
34
-16
12
-2
0
0
0
0
0
0
8224
21335
13
20
0
0
0
0
0
2
-12
-12
-12
16
-8
32
-42
22
-42
2
-42
-48
-82
2
-82
-44
-46
-64
-12
-32
36
-32
-12
-48
36
-48
-12
-64
36
-64
34
-16
12
-2
0
0
0
0
0
0
8279
21335
14
20
0
0
0
0
0
2
-12
-12
-12
16
-8
32
-42
30
-42
10
-42
-32
-82
10
-82
-32
-46
-48
-12
-32
36
-32
-12
-48
36
-48
-12
-64
36
-64
34
-16
12
-2
0
0
0
0
0
0
8224
8279
15
20
0
0
0
0
0
2
-12
-12
-12
16
-8
32
-42
40
-42
20
-42
-20
-82
24
-82
-16
-46
-36
-12
-32
36
-32
-12
-48
36
-48
-12
-64
36
-64
34
-16
12
-2
0
0
0
0
0
0
8279
20055
16
20
0
0
0
0
0
2
-12
-12
-10
16
-6
32
-76
6
-42
-14
-42
-34
-82
-14
-82
-30
-46
-50
-12
-32
36
-32
-12
-48
36
-48
-12
-64
36
-64
34
-16
12
-2
0
0
0
0
0
0
8224
20055
17
20
0
0
0
0
0
2
-12
-12
0
16
4
32
-64
12
-42
-8
-42
-28
-82
-8
-82
-24
-46
-44
-12
-34
36
-34
-12
-50
36
-50
-12
-66
36
-66
34
-16
12
-4
0
0
0
0
0
0
8270
20055
18
20
0
0
0
0
0
2
-12
-12
6
16
10
32
-50
20
-42
0
-42
-20
-82
0
-82
-16
-56
-36
-12
-32
36
-32
-12
-48
36
-48
-12
-64
36
-64
34
-16
12
-2
0
0
0
0
0
0
8224
8270
19
20
0
0
0
0
0
2
-12
-12
14
16
18
32
-40
20
-42
0
-42
-20
-82
0
-82
-16
-46
-36
-12
-32
36
-32
-12
-48
36
-48
-12
-64
36
-64
34
-16
12
-2
0
0
0
0
0
0
21324
16723
20
20
0
0
0
0
0
2
-12
-12
-20
30
-16
46
-42
14
-42
-6
-42
-26
-82
-6
-82
-22
-46
-42
-12
-32
36
-32
-12
-48
36
-48
-12
-64
36
-64
20
-16
12
6
0
0
0
0
0
0
8237
22359
1
1
1
10
9
10
1
2
8
0
8235
22359
2
3
1
10
5
6
2
2
8
0
-104
4
0
-8
8232
22359
3
4
6
0
6
20
3
2
-3
4
-1
6
1
6
3
4
8224
22359
4
10
2
0
20
20
4
2
0
18
2
2
2
0
2
-5
2
0
2
5
2
0
2
-5
2
0
2
5
8224
22359
5
14
2
10
2
10
5
2
1
3
3
1
3
-1
2
-6
3
-1
3
1
1
3
-1
3
-3
1
-3
-1
-2
-6
-3
-1
-3
1
-1
3
8224
22359
6
9
7
4
13
16
6
2
3
-1
3
1
1
3
-1
3
-6
2
-1
3
1
3
3
1
3
-1
8224
22359
7
12
7
4
10
-1
7
2
3
-1
3
1
1
3
-1
3
-6
2
-1
3
1
3
3
1
3
-1
-3
1
0
4
0
-24
8224
22359
8
21
13
-1
13
21
8
2
-3
0
-2
2
0
5
2
2
2
0
2
-2
0
-1
-2
-2
-2
0
-2
2
0
10
2
2
2
0
2
-2
0
-1
-2
-2
-2
0
-2
2
0
5
2
2
3
0
8224
22359
10
3
1
7
1
13
10
2
18
0
100
6
-18
0
8224
22359
11
11
2
5
20
15
11
2
6
0
106
0
6
0
100
5
-6
0
-106
0
-6
0
100
5
6
0
106
0
6
0
8224
22359
17
12
13
1
1
1
17
2
-1
4
-1
0
-2
-2
0
-1
4
-1
-8
8
0
2
7
7
0
1
-10
0
-1
-1
0
-17
8224
22359
18
4
10
2
10
2
18
2
8
16
-8
-3
-8
3
8
-16
8224
22359
19
7
4
2
18
2
19
2
4
4
0
10
-4
4
114
0
-4
-4
0
-10
4
-4
8224
22359
24
9
2
13
16
19
24
2
-1
3
1
3
3
1
3
-1
2
-6
3
-1
3
1
1
3
-1
3
8224
22359
31
20
20
10
11
17
31
2
-3
2
-1
-1
0
-2
1
-1
3
2
-20
0
10
0
2
-4
-1
-3
-3
-1
-3
1
3
-1
3
1
1
3
-2
4
-4
0
-2
4
1
3
3
1
3
-1
8224
22359
34
16
0
8
11
17
34
2
17
0
3
2
-3
2
-17
0
6
0
6
-6
-1
-3
-3
-1
-3
1
3
-1
3
1
1
3
-8
8
1
3
3
1
3
-1
8224
22359
36
14
9
0
16
10
36
2
2
3
-1
1
-2
0
-1
-1
2
-3
0
20
0
-9
-9
0
16
0
0
1
1
1
3
-2
-3
-2
-1
1
8224
22359
38
14
10
20
17
8
38
2
-2
-3
1
-1
2
0
1
1
-2
3
0
-20
0
9
-9
0
16
0
0
1
1
1
3
-2
-3
-2
-1
1
8224
22359
41
9
1
5
19
15
41
2
6
0
106
0
6
0
100
5
-18
0
100
5
6
0
106
0
6
0
8224
22359
45
5
1
5
19
15
45
2
18
0
100
5
-18
0
100
5
18
0
8224
22359
50
12
10
4
9
12
50
2
3
3
0
7
-2
2
-2
0
-2
-2
0
-2
2
-2
2
0
1
2
-1
2
-1
0
-1
-2
8224
22359
60
14
10
6
8
7
60
2
3
1
1
3
-1
3
-3
1
-3
-1
-1
-3
1
-3
1
0
0
6
2
0
0
-6
2
0
0
6
-4
-6
8224
22359
70
5
13
6
15
10
70
2
-6
8
106
0
-6
-8
-102
4
10
0
8224
22359
76
9
4
10
16
10
76
2
0
-2
-4
2
4
2
0
-2
12
0
0
2
4
-2
-4
-2
0
2
8224
22359
77
6
0
10
20
10
77
2
7
0
3
5
6
-10
-12
0
3
5
13
0
8224
22359
78
7
7
5
13
5
78
2
6
10
-3
-5
-10
0
20
0
-10
0
-3
5
6
-10
8224
22359
79
15
1
2
9
9
79
2
9
15
9
-15
-18
0
108
3
2
0
1
1
0
2
-1
1
-2
0
-1
-1
0
-2
1
-1
2
2
-1
1
-1
2
8224
22359
80
3
10
3
10
3
80
2
7
14
-14
0
7
-14
8224
22359
87
3
16
6
16
6
87
2
-12
0
6
8
6
-8
8224
22359
89
12
16
6
10
8
89
2
-12
0
6
8
6
-8
-6
6
-1
0
-3
-4
1
-1
4
0
1
1
-1
2
-2
0
-1
-2
8224
8279
3
7
9
2
19
10
123
2
0
16
0
-8
-8
0
18
0
-3
-2
0
4
3
-2
8224
8279
4
5
1
2
19
14
142
2
18
0
100
6
-18
0
100
6
18
0
22304
8224
5
25
8
10
4
17
143
2
0
-2
-4
-4
0
-2
6
6
0
8
-2
2
-4
0
-2
-2
0
-4
2
-2
4
0
1
1
-5
0
-1
1
6
0
0
1
-6
0
0
1
6
0
0
1
-6
0
0
1
6
0
-1
1
-4
0
22304
8224
6
28
8
2
8
14
144
2
5
2
1
4
-1
4
-5
2
-5
-2
-1
-4
1
-4
5
-2
3
2
-6
0
-1
1
8
0
1
1
-10
0
0
1
10
0
0
1
-10
0
0
1
10
0
0
1
-10
0
1
1
9
0
-1
1
-8
0
5
1
-1
1
8224
8279
7
7
6
2
14
2
145
2
8
14
-4
-7
-8
0
16
0
-8
0
-4
7
8
-14
8224
8279
8
3
10
2
10
2
146
2
8
16
-16
0
8
-16
8224
8279
9
8
6
2
18
2
147
2
0
16
-4
0
16
0
-6
-8
6
-8
0
3
-3
-2
3
-1
8224
8279
3
16
6
4
19
10
141
2
2
-2
4
0
2
2
0
4
-2
2
-4
0
-2
2
0
4
2
2
4
0
2
-2
-113
-6
18
0
-3
-2
0
4
3
-2
8224
8270
0
17
12
20
3
3
120
2
-4
-1
-3
-3
-1
-4
1
-4
3
-3
4
-1
4
1
3
3
1
4
-1
4
-3
3
-4
1
-109
1
18
-18
-9
9
9
9
-18
-18
20000
8224
9
17
7
18
12
20
137
2
10
-12
-5
6
-5
-6
10
12
-5
2
-4
-1
-3
-3
-1
-4
1
-4
3
-3
4
-1
4
1
3
3
1
4
-1
4
-3
3
-4
1
17217
19533
0
12
12
23
12
23
121
2
6
-2
4
-4
1
-5
-1
-5
-4
-4
-6
-2
-6
2
-4
4
-1
5
1
5
4
4
6
2
22345
20036
1
1
13
20
20
59
0
2
7
39
35
64
-10
-59
22345
20036
2
1
15
20
28
57
0
2
13
37
44
60
-20
-56
22345
20036
3
1
16
19
36
54
0
2
20
35
52
54
-29
-51
22345
20036
4
1
17
18
43
49
0
2
26
31
59
46
-38
-45
22345
20036
5
1
18
17
49
43
0
2
31
26
64
38
-45
-38
22345
20036
6
1
19
16
54
36
0
2
35
20
68
28
-51
-30
22345
20036
7
1
20
15
57
28
0
2
37
13
69
18
-56
-20
22345
20036
8
1
20
13
59
20
0
2
39
7
69
8
-59
-10
22345
20036
9
1
20
12
60
12
0
2
40
0
68
-1
-60
0
22345
20036
10
1
20
11
59
4
0
2
39
-7
64
-10
-59
10
22345
20036
11
1
20
9
57
-3
0
2
37
-12
60
-18
-56
20
22345
20036
12
1
19
8
54
-11
0
2
35
-19
54
-26
-51
29
22345
20036
13
1
18
7
49
-18
0
2
31
-25
46
-33
-45
38
22345
20036
14
1
17
6
43
-24
0
2
26
-30
38
-38
-38
45
22345
20036
15
1
16
5
36
-29
0
2
20
-34
28
-42
-30
51
22345
20036
16
1
15
4
28
-32
0
2
13
-36
18
-43
-20
56
22345
20036
17
1
13
4
20
-34
0
2
7
-38
8
-43
-10
59
22345
20036
18
1
12
4
12
-35
0
2
0
-39
-1
-42
0
60
22345
20036
19
1
11
4
4
-34
0
2
-7
-38
-10
-38
10
59
22345
20036
20
1
9
4
-3
-32
0
2
-12
-36
-18
-34
20
56
22345
20036
21
1
8
5
-11
-29
0
2
-19
-34
-26
-28
29
51
22345
20036
22
1
7
6
-18
-24
0
2
-25
-30
-33
-20
38
45
22345
20036
23
1
6
7
-24
-18
0
2
-30
-25
-38
-12
45
38
22345
20036
24
1
5
8
-29
-11
0
2
-34
-19
-42
-2
51
30
22345
20036
25
1
4
9
-32
-3
0
2
-36
-12
-43
7
56
20
22345
20036
26
1
4
11
-34
4
0
2
-38
-7
-43
16
59
10
22345
20036
27
1
4
12
-35
12
0
2
-39
0
-42
26
60
0
22345
20036
28
1
4
13
-34
20
0
2
-38
7
-38
35
59
-10
22345
20036
29
1
4
15
-32
28
0
2
-36
13
-34
44
56
-20
22345
20036
30
1
5
16
-29
36
0
2
-34
20
-28
52
51
-29
22345
20036
31
1
6
17
-24
43
0
2
-30
26
-20
59
45
-38
22345
20036
32
1
7
18
-18
49
0
2
-25
31
-12
64
38
-45
22345
20036
33
1
8
19
-11
54
0
2
-19
35
-2
68
30
-51
22345
20036
34
1
9
20
-3
57
0
2
-12
37
7
69
20
-56
22345
20036
35
1
11
20
4
59
0
2
-7
39
16
69
10
-59
22345
20036
36
1
12
20
12
60
0
2
0
40
26
68
0
-60
0
0
0
0
0
0
0
0
0
0
0
0
0
0
0
0
0
0
0
0
0
0
0
0
0
0
0
0
0
0
0
0
0
0
0
0
0
0
0
0
0
0
0
0
0
0
0
0
0
0
0
0
0
0
0
0
0
0
0
0
0
0
0
0
0
0
0
0
0
0
0
0
0
0
0
0
0
0
0
0
0
0
0
0
0
0
0
0
0
0
0
0
0
0
0
0
0
0
0
0
0
0
0
0
0
0
0
0
0
0
0
0
0
0
0
0
0
0
0
0
0
0
0
0
0
0
0
0
0
0
0
0
0
0
0
0
0
0
0
0
0
0
0
0
0
0
0
0
0
0
0
0
0
0
0
0
0
0
0
0
0
0
0
0
0
0
0
0
0
0
0
0
0
0
0
0
0
0
0
0
0
0
0
0
0
0
0
0
0
0
0
0
0
0
0
0
0
0
0
0
0
0
0
0
0
0
0
0
0
0
0
0
0
0
0
0
0
0
0
0
0
0
0
0
0
0
0
0
0
0
0
33
0
0
0
0
0
1925
19139
-1650
19074
-1650
19074
18528
10871
0
0
33
0
0
0
0
0
31885
19129
-19332
19090
-19332
19090
0
0
0
0
33
0
0
0
0
0
-23062
19119
-1146
19097
-1146
19097
31952
10582
0
0
33
0
0
0
0
0
29539
19130
-13116
19073
-13116
19073
0
0
0
0
33
0
0
0
0
0
-1386
19130
1887
19073
1887
19073
29648
10871
0
0
33
0
0
0
0
0
-21533
19142
25931
19076
25931
19076
0
-8192
-31558
16726
33
0
0
0
0
0
1755
19134
26591
19091
26591
19091
0
0
-7755
16720
33
0
0
0
0
0
7234
19131
-20445
19073
-20445
19073
-1040
10516
0
0
33
0
0
0
0
0
25854
19116
-19304
19089
-19304
19089
7072
10871
0
0
33
0
0
0
0
0
-23118
19113
-7621
19087
-7621
19087
6992
10871
0
0
33
0
0
0
0
0
31109
19119
1725
19099
1725
19099
-32624
9433
0
0
33
0
0
0
0
0
3528
19114
16904
19088
16904
19088
32
0
0
0
33
0
0
0
0
0
14081
19113
18064
19086
18064
19086
-11584
10732
0
0
33
0
0
0
0
0
-16478
19135
-3143
19072
-3143
19072
32
0
0
0
225
0
0
0
4352
-30400
32613
0
0
0
0
0
0
0
0
0
2784
11939
0
0
0
0
0
0
0
0
0
0
0
0
0
0
0
0
2
1
7776
621
0
0
-10584
11467
0
0
0
0
0
0
-22528
1194
1
-16384
512
0
0
-7936
0
0
0
0
-18736
10613
0
0
18896
10871
0
0
258
0
0
0
0
0
0
0
786
0
0
0
18848
10871
0
0
18856
10871
0
0
18872
10871
0
0
786
0
0
0
-1
-1
-1
-1
-1
-1
-1
-1
-1
-1
0
0
0
0
0
0
225
0
0
0
4352
-30400
32613
0
0
0
0
0
0
0
0
0
2960
11939
0
0
0
0
0
0
0
0
0
0
0
0
0
0
0
0
2
1
7776
621
0
0
-10656
11467
0
0
0
0
0
0
-23040
1194
1
-16384
512
0
0
-7936
0
0
0
0
18672
10871
0
0
19120
10871
0
0
258
0
0
0
0
0
0
0
786
0
0
0
19072
10871
0
0
19080
10871
0
0
19096
10871
0
0
786
0
0
0
-1
-1
-1
-1
-1
-1
-1
-1
-1
-1
0
0
0
0
0
0
225
0
0
0
4352
-30400
32613
0
0
0
0
0
0
0
0
0
3136
11939
0
0
0
0
0
0
0
0
0
0
0
0
0
0
0
0
2
1
7776
621
0
0
-10728
11467
0
0
0
0
0
0
-23552
1194
1
-16384
512
0
0
-7936
0
0
0
0
