#the iptab file
17217
19533
1
25
0
0
0
0
0
2
-12
-12
-10
12
-12
32
-42
46
-52
28
-52
12
-34
-10
-54
-8
-46
-30
-46
-46
-50
-64
-10
-30
-12
-46
0
-54
12
-60
40
-44
12
-42
12
-26
32
-26
52
-24
12
-6
42
-6
12
12
12
32
0
0
8270
21573
2
25
0
0
0
0
0
2
-12
-12
-16
12
-16
32
-46
46
-56
28
-56
12
-34
-10
-54
-8
-46
-30
-46
-46
-50
-64
-10
-30
-12
-46
0
-54
12
-62
40
-46
12
-44
12
-28
32
-28
52
-26
12
-8
42
-8
22
8
-16
56
0
0
8270
20037
3
25
0
0
0
0
0
2
-12
-12
-12
12
-14
32
-44
46
-54
28
-54
12
-34
-10
-54
-8
-46
-30
-46
-46
-50
-64
-10
-30
-12
-46
0
-54
12
-66
40
-50
12
-48
12
-32
32
-32
52
-30
12
-12
42
-12
32
4
10
44
0
0
8224
20037
4
25
0
0
0
0
0
2
-12
-12
-10
12
-14
32
-44
46
-54
28
-54
12
-34
-10
-54
-8
-46
-30
-46
-46
-50
-64
-10
-30
-12
-46
0
-54
12
-66
40
-50
12
-48
12
-32
32
-32
52
-30
12
-12
42
-12
10
32
-14
56
0
0
8261
20037
5
25
0
0
0
0
0
2
-12
-12
-18
12
-20
32
-50
42
-60
24
-60
8
-34
-14
-54
-12
-46
-34
-46
-50
-40
-70
-10
-30
-12
-46
0
-54
12
-62
40
-46
12
-44
12
-28
32
-28
52
-26
4
16
34
16
4
34
-20
56
0
0
8224
8261
6
25
0
0
0
0
0
2
-12
-12
-10
12
-12
32
-42
46
-52
28
-52
12
-34
-10
-54
-8
-54
-28
-54
-44
-50
-62
-10
-30
-20
-38
-8
-46
-2
-70
32
-54
4
-52
10
-36
30
-36
50
-34
12
2
42
2
12
20
12
38
0
0
8261
21317
7
25
0
0
0
0
0
2
-12
-12
-10
12
-12
32
-42
46
-52
28
-52
12
-34
-10
-54
-8
-54
-28
-54
-44
-60
-62
-20
-30
-22
-46
-10
-54
-10
-72
30
-56
2
-54
0
-38
46
-38
46
-18
12
-2
42
-2
12
16
12
34
0
0
8224
21317
8
25
0
0
0
0
0
2
-12
-12
-10
12
-12
32
-42
46
-52
28
-52
12
-34
-10
-54
-8
-62
-26
-62
-42
-54
-62
-18
-30
-30
-38
-18
-46
20
-64
36
-48
-8
-60
20
-22
40
-22
60
-20
12
-2
42
-2
12
16
12
34
0
0
8275
21317
9
25
0
0
0
0
0
2
-12
-12
-10
12
-12
32
-42
46
-52
28
-52
12
-34
-10
-54
-8
-56
-26
-56
-42
-30
-70
-24
-30
-24
-46
-12
-54
22
-52
48
-36
20
-34
12
-18
32
-18
52
-16
12
2
42
2
12
20
12
38
0
0
8224
8275
10
25
0
0
0
0
0
2
-12
-12
-10
12
-12
32
-42
48
-52
30
-52
14
-34
-8
-54
-6
-64
-24
-64
-40
-38
-70
-30
-30
-34
-46
-22
-54
8
-58
36
-42
8
-40
12
-24
32
-24
52
-22
12
-4
42
-4
12
14
12
32
0
0
8275
21591
11
25
0
0
0
0
0
2
-12
-12
-10
12
-12
32
-42
48
-52
30
-52
14
-34
-8
-54
-6
-56
-26
-56
-42
-42
-64
-4
-30
-4
-46
8
-54
20
-54
44
-38
16
-36
14
-20
34
-20
54
-18
12
0
42
0
12
18
12
36
0
0
8275
21335
12
25
0
0
0
0
0
2
-12
-12
-10
12
-12
32
-42
50
-52
32
-52
16
-34
-6
-54
-4
-64
-20
-74
-36
-50
-62
-10
-30
-12
-46
0
-54
12
-60
40
-44
12
-42
12
-26
32
-26
52
-24
12
-6
42
-6
12
12
12
30
0
0
8224
21335
13
25
0
0
0
0
0
2
-12
-12
-8
12
-8
32
-38
56
-48
38
-48
22
-34
0
-54
2
-38
-38
-38
-54
-24
-72
-8
-30
-6
-46
6
-54
20
-56
44
-40
16
-38
12
-22
32
-22
52
-20
12
-2
42
-2
12
16
16
34
0
0
8279
21335
14
25
0
0
0
0
0
2
-12
-12
-8
12
-2
32
-32
64
-42
46
-42
30
-34
8
-54
10
-48
-30
-48
-46
-52
-64
-10
-30
-14
-46
-2
-54
10
-60
38
-44
10
-42
12
-26
32
-26
52
-24
12
-6
42
-6
12
12
22
30
0
0
8224
8279
15
25
0
0
0
0
0
2
-12
-12
-6
12
-6
32
-36
52
-46
34
-46
18
-34
-22
-54
-20
-46
-40
-46
-56
-38
-74
-10
-30
-14
-46
-2
-54
10
-60
40
-44
12
-42
12
-26
32
-26
52
-24
14
-6
44
-6
14
12
18
30
0
0
8279
20055
16
25
0
0
0
0
0
2
-12
-12
0
12
0
32
-30
64
-40
46
-40
30
-34
-16
-54
-14
-46
-36
-46
-52
-38
-70
-10
-30
-14
-46
-2
-54
10
-60
40
-44
12
-42
12
-26
32
-26
52
-24
12
-6
42
-6
22
12
24
30
0
0
8224
20055
17
25
0
0
0
0
0
2
-12
-12
-4
12
-12
32
-66
28
-66
10
-66
-6
-34
-28
-54
-26
-50
-46
-50
-62
-20
-74
-10
-30
-12
-46
0
-54
12
-58
40
-42
12
-40
12
-24
32
-24
52
-22
12
-4
42
-4
22
14
12
32
0
0
8270
20055
18
25
0
0
0
0
0
2
-12
-12
2
12
-2
32
-60
40
-60
22
-60
6
-34
-16
-54
-14
-46
-34
-46
-50
-38
-70
-10
-30
-14
-46
-2
-54
10
-60
40
-44
12
-42
12
-26
32
-26
52
-24
12
-6
42
-6
22
12
22
30
0
0
8224
8270
19
25
0
0
0
0
0
2
-12
-12
-22
12
-32
32
-62
34
-62
16
-62
0
-34
-22
-54
-20
-46
-40
-46
-56
-36
-74
-10
-30
-14
-46
-2
-54
10
-60
40
-44
12
-42
12
-26
32
-26
52
-24
12
-6
42
-6
22
12
16
30
0
0
21324
16723
20
25
0
0
0
0
0
2
-12
-12
-10
12
-12
32
-42
50
-52
32
-52
16
-34
-20
-54
-18
-46
-38
-46
-54
-36
-72
-10
-30
-14
-46
-2
-54
10
-60
40
-44
12
-42
12
-26
32
-26
52
-24
12
-6
42
-6
12
12
12
30
0
0
21569
16945
1
8
0
0
0
0
0
1
0
-10
0
-10
2
-8
4
-18
21569
16946
2
8
0
0
0
0
0
1
0
0
-4
-4
-8
-10
-10
-2
21569
16947
3
13
0
0
0
0
0
10
0
0
0
0
3
0
0
2
2
3
0
0
0
2
0
1
0
2
3
2
2
2
2
2
3
2
2
2
3
2
1
1
1
1
1
1
3
3
3
3
3
0
1
1
0
0
1
1
1
1
0
0
4
3
6
5
7
7
2
6
0
1
2
3
4
5
7
7
2
4
0
1
2
3
4
5
1
1
1
3
2
2
6
6
6
2
2
2
2
2
2
7
7
7
7
4
4
4
4
4
2
7
7
7
7
4
4
4
4
4
2
7
7
7
7
5
4
5
4
4
0
0
0
0
0
0
0
0
8224
8224
8224
22359
1
2
14
4
14
4
1
2
0
-8
0
8
8224
22359
2
3
4
10
20
10
2
2
-8
0
132
0
-8
0
8224
22359
3
1
14
20
14
28
3
2
0
8
8224
22359
4
10
3
2
29
26
4
2
0
22
2
2
3
0
3
-6
3
0
3
6
3
0
3
-6
3
0
3
6
8224
22359
5
14
3
10
3
10
5
2
1
3
3
1
3
-1
2
-6
3
-1
3
1
1
3
-1
3
-3
1
-3
-1
-2
-6
-3
-1
-3
1
-1
3
8224
22359
6
9
8
3
14
17
6
2
3
-1
3
1
1
3
-1
3
-6
2
-1
3
1
3
3
1
3
-1
8224
22359
7
12
8
8
11
3
7
2
3
-1
3
1
1
3
-1
3
-6
2
-1
3
1
3
3
1
3
-1
-3
1
0
4
0
-24
8224
22359
8
21
13
4
13
26
8
2
-3
0
-2
2
0
5
2
2
2
0
2
-2
0
-1
-2
-2
-2
0
-2
2
0
10
2
2
2
0
2
-2
0
-1
-2
-2
-2
0
-2
2
0
5
2
2
3
0
8224
22359
9
30
7
3
17
21
9
2
-3
4
-2
7
2
7
3
4
118
0
3
-4
2
-7
-2
-7
-3
-4
101
11
-3
2
-1
-1
0
-2
1
-1
3
2
-20
0
10
0
2
-4
-1
-3
-3
-1
-3
1
3
-1
3
1
1
3
-2
4
-4
0
-2
4
1
3
3
1
3
-1
8224
22359
10
3
2
7
2
13
10
2
18
0
100
6
-18
0
8224
22359
11
11
2
4
20
16
11
2
6
0
106
0
6
0
100
6
-6
0
-106
0
-6
0
100
6
6
0
106
0
6
0
8224
22359
12
9
2
4
20
16
12
2
18
0
100
6
-6
0
-106
0
-6
0
100
6
6
0
106
0
6
0
8224
22359
13
8
15
6
15
24
13
2
-1
4
-1
0
-2
-2
0
-1
4
-1
-8
8
0
2
8
8
8224
22359
14
16
20
11
10
14
14
2
-3
-5
-6
-2
-6
2
-3
5
108
-1
2
0
2
2
0
2
-2
2
-2
0
-2
-2
0
-2
2
-1
2
1
0
1
-2
1
8224
22359
15
21
4
2
15
11
15
2
3
3
2
5
-2
5
-3
3
124
0
-3
-3
-2
-5
2
-5
3
-3
-113
5
2
0
2
2
0
2
-2
2
-2
0
-2
-2
0
-2
2
-1
2
1
0
1
-2
1
8224
22359
16
21
7
2
10
11
16
2
-3
3
-2
5
2
5
3
3
108
0
3
-3
2
-5
-2
-5
-3
-3
-105
5
2
0
2
2
0
2
-2
2
-2
0
-2
-2
0
-2
2
-1
2
1
0
1
-2
1
8224
22359
17
10
17
6
5
6
17
2
-1
4
-1
0
-2
-2
0
-1
4
-1
-8
8
0
2
8
8
-12
0
0
-18
8224
22359
18
4
16
4
16
4
18
2
10
20
-10
-3
-10
3
10
-20
8224
22359
19
7
4
5
18
5
19
2
4
4
0
12
-4
4
114
0
-4
-4
0
-12
4
-4
8224
22359
20
16
8
9
10
4
20
2
3
3
0
7
-2
2
-2
0
-2
-2
0
-2
2
-2
2
0
1
2
-1
2
-1
0
-1
-2
103
9
6
-2
0
-18
-6
-2
8224
22359
21
17
8
11
11
4
21
2
3
1
1
3
-1
3
-3
1
-3
-1
-1
-3
1
-3
3
0
2
2
-1
3
-2
0
-1
-2
2
-2
103
13
6
-2
0
-18
-6
-2
8224
22359
22
11
5
11
12
26
22
2
6
8
-3
-4
-5
0
10
0
-5
0
-3
4
6
-8
101
-7
6
2
0
18
-6
2
8224
22359
23
25
5
6
8
16
23
2
6
8
-3
-4
-5
0
10
0
-5
0
-3
4
6
-8
2
-2
6
2
0
18
-6
2
-105
-8
-2
2
1
2
2
0
1
-3
-2
-2
-3
0
-1
3
1
3
3
1
3
-1
1
-3
-1
-3
-3
-1
8224
22359
24
13
6
11
20
3
24
2
-1
3
1
3
3
1
3
-1
2
-6
3
-1
3
1
1
3
-1
3
100
8
6
-2
0
-18
-6
-2
8224
22359
25
24
7
20
14
4
25
2
-2
2
1
2
2
0
1
-3
-2
-2
-3
0
-1
3
1
3
3
1
3
-1
1
-3
-1
-3
-3
-1
-104
-3
-1
-1
5
-10
1
0
4
10
-1
1
-8
0
111
11
6
-2
0
-18
-6
-2
8224
22359
26
17
14
4
2
14
26
2
6
2
0
18
-6
2
-4
0
-6
-8
3
4
5
0
-10
0
5
0
3
-4
-6
8
-102
-11
9
0
1
-1
-4
-10
-1
0
-5
10
8224
22359
27
13
13
3
13
13
27
2
6
2
0
18
-6
2
-105
1
-5
-8
10
0
-5
8
105
-12
-9
0
-1
-1
4
-10
1
0
5
10
8224
22359
28
9
21
3
5
8
28
2
6
2
0
18
-6
2
102
-5
-18
0
100
-6
18
0
100
-6
-18
0
8224
22359
29
16
14
6
13
26
29
2
-1
4
-1
0
-2
-2
0
-1
4
-1
-8
8
0
2
7
7
0
1
-10
0
-1
-1
0
-17
111
-2
6
2
0
18
-6
2
8224
22359
30
22
29
2
14
17
30
2
0
16
-106
-8
-3
2
-1
-1
0
-2
1
-1
3
2
-20
0
10
0
2
-4
-1
-3
-3
-1
-3
1
3
-1
3
1
1
3
-2
4
-4
0
-2
4
1
3
3
1
3
-1
8224
22359
31
20
26
10
17
17
31
2
-3
2
-1
-1
0
-2
1
-1
3
2
-20
0
10
0
2
-4
-1
-3
-3
-1
-3
1
3
-1
3
1
1
3
-2
4
-4
0
-2
4
1
3
3
1
3
-1
8224
22359
32
22
29
10
3
2
32
2
-3
2
-1
-1
0
-2
1
-1
3
2
-20
0
10
0
2
-4
-1
-3
-3
-1
-3
1
3
-1
3
1
1
3
-2
4
-4
0
-2
4
1
3
3
1
3
-1
-117
1
0
-16
8224
22359
33
18
3
8
29
2
33
2
17
0
3
2
-3
2
-17
0
6
0
6
-6
-1
-3
-3
-1
-3
1
3
-1
3
1
1
3
-8
8
1
3
3
1
3
-1
115
1
0
-16
8224
22359
34
16
6
8
17
17
34
2
17
0
3
2
-3
2
-17
0
6
0
6
-6
-1
-3
-3
-1
-3
1
3
-1
3
1
1
3
-8
8
1
3
3
1
3
-1
8224
22359
35
18
3
18
20
17
35
2
0
-16
106
6
17
0
3
2
-3
2
-17
0
6
0
6
-6
-1
-3
-3
-1
-3
1
3
-1
3
1
1
3
-8
8
1
3
3
1
3
-1
8224
22359
36
14
15
4
22
14
36
2
2
3
-1
1
-2
0
-1
-1
2
-3
0
20
0
-9
-9
0
16
0
0
1
1
1
3
-2
-3
-2
-1
1
8224
22359
37
12
15
4
6
13
37
2
2
3
-1
1
-2
0
-1
-1
2
-3
0
20
0
-7
-9
0
17
0
3
-2
-3
-2
-17
0
8224
22359
38
14
15
24
22
12
38
2
-2
-3
1
-1
2
0
1
1
-2
3
0
-20
0
9
-9
0
16
0
0
1
1
1
3
-2
-3
-2
-1
1
8224
22359
39
12
15
24
6
15
39
2
-2
-3
1
-1
2
0
1
1
-2
3
0
-20
0
7
-9
0
17
0
3
2
-3
2
-17
0
8224
22359
40
15
7
4
25
24
40
2
-3
4
-2
6
2
6
3
4
100
-4
18
0
100
-6
-18
0
100
-6
18
0
100
-4
3
4
2
6
-2
6
-3
4
8224
22359
41
9
2
4
20
16
41
2
6
0
106
0
6
0
100
6
-18
0
100
6
6
0
106
0
6
0
8224
22359
42
9
4
4
28
2
42
2
18
0
100
6
-18
0
100
6
6
0
106
0
6
0
106
2
0
-16
8224
22359
43
7
4
4
28
2
43
2
18
0
100
6
-18
0
100
6
18
0
106
2
0
-16
8224
22359
44
7
2
4
20
16
44
2
18
0
100
6
-18
0
100
6
6
0
106
0
6
0
8224
22359
45
5
2
4
20
16
45
2
18
0
100
6
-18
0
100
6
18
0
8224
22359
46
9
4
2
28
4
46
2
0
16
106
-2
6
0
106
0
6
0
100
-6
-18
0
100
-6
18
0
8224
22359
47
7
4
2
28
4
47
2
0
16
106
-2
18
0
100
-6
-18
0
100
-6
18
0
8224
22359
48
11
6
14
26
8
48
2
4
0
6
-12
10
0
-20
0
10
0
6
12
4
0
-4
0
-3
-6
-13
0
20
0
8224
22359
49
10
6
14
6
8
49
2
20
0
-4
0
-6
-12
-10
0
20
0
-10
0
-6
12
3
-6
13
0
-20
0
8224
22359
50
12
11
4
10
12
50
2
3
3
0
7
-2
2
-2
0
-2
-2
0
-2
2
-2
2
0
1
2
-1
2
-1
0
-1
-2
8224
22359
51
25
5
4
17
4
51
2
3
3
0
7
-2
2
-2
0
-2
-2
0
-2
2
-2
2
0
1
2
-1
2
-1
0
-1
-2
112
0
1
2
1
0
1
-2
-1
-2
-2
0
-2
2
0
2
2
2
2
0
2
-2
0
-7
-3
-3
8224
22359
52
25
10
4
9
28
52
2
3
3
0
7
-2
2
-2
0
-2
-2
0
-2
2
-2
2
0
1
2
-1
2
-1
0
-1
-2
101
8
3
3
0
7
-2
2
-2
0
-2
-2
0
-2
2
-2
2
0
1
2
-1
2
-1
0
-1
-2
8224
22359
53
38
8
2
24
2
53
2
3
3
0
7
-2
2
-2
0
-2
-2
0
-2
2
-2
2
0
1
2
-1
2
-1
0
-1
-2
109
4
3
3
0
7
-2
2
-2
0
-2
-2
0
-2
2
-2
2
0
1
2
-1
2
-1
0
-1
-2
108
-12
1
2
1
0
1
-2
-1
-2
-2
0
-2
2
0
2
2
2
2
0
2
-2
0
-7
-3
-3
8224
22359
54
33
9
2
8
40
54
2
3
3
0
7
-2
2
-2
0
-2
-2
0
-2
2
-2
2
0
1
2
-3
2
0
2
4
4
0
7
-2
2
-2
0
-2
-2
0
-2
2
-2
2
0
1
2
-3
2
0
2
4
4
0
7
-2
2
-2
0
-2
-2
0
-2
2
-2
2
0
1
2
-3
2
0
2
8224
22359
55
51
7
14
15
2
55
2
3
3
0
7
-2
2
-2
0
-2
-2
0
-2
2
-2
2
0
1
2
-1
2
-1
0
-1
-2
109
4
3
3
0
7
-2
2
-2
0
-2
-2
0
-2
2
-2
2
0
1
2
-1
2
-1
0
-1
-2
108
-12
1
2
1
0
1
-2
-1
-2
-2
0
-2
2
0
2
2
2
2
0
2
-2
0
-7
-3
-3
-109
-4
1
2
1
0
1
-2
-1
-2
-2
0
-2
2
0
2
2
2
2
0
2
-2
0
-7
-3
-3
8224
22359
56
29
10
12
29
22
56
2
1
2
1
0
1
-2
-1
-2
-2
0
-2
2
0
2
2
2
2
0
2
-2
0
-7
-3
-3
-4
1
-4
4
-1
4
1
4
4
4
4
1
4
-1
4
-4
2
-8
4
-4
4
-1
4
1
4
4
1
4
-1
4
-4
4
-4
1
8224
22359
57
47
10
12
28
12
57
2
1
2
1
0
1
-2
-1
-2
-2
0
-2
2
0
2
2
2
2
0
2
-2
0
-7
-3
-3
-4
1
-4
4
-1
4
1
4
4
4
4
1
4
-1
4
-4
2
-8
4
-4
4
-1
4
1
4
4
1
4
-1
4
-4
4
-4
1
4
-1
4
-4
1
-4
-1
-4
-4
-4
-4
-1
3
5
0
5
-2
2
-2
0
-2
-2
0
-2
2
-2
2
0
1
2
-1
2
-1
0
-1
-2
8224
22359
58
24
11
3
10
25
58
2
3
3
0
7
-2
2
-2
0
-2
-2
0
-2
2
-2
2
0
1
2
-1
2
-1
0
-1
-2
100
10
2
0
2
2
0
2
-2
2
-2
0
-2
-2
0
-2
2
-1
2
1
0
1
-2
1
8224
22359
59
37
9
2
8
36
59
2
3
3
0
7
-2
2
-2
0
-2
-2
0
-2
2
-2
2
0
1
2
-1
2
-1
0
-1
-2
100
10
2
1
0
1
-2
1
-2
-1
0
-2
2
-2
2
0
2
2
0
2
-2
2
-2
0
101
4
3
3
0
7
-2
2
-2
0
-2
-2
0
-2
2
-2
2
0
1
2
-1
2
-1
0
-1
-2
8224
22359
60
14
11
6
9
7
60
2
3
1
1
3
-1
3
-3
1
-3
-1
-1
-3
1
-3
1
0
0
6
2
0
0
-6
2
0
0
6
-4
-6
8224
22359
61
29
9
6
21
7
61
2
3
1
1
3
-1
3
-3
1
-3
-1
-1
-3
1
-3
1
0
0
6
2
0
0
-6
2
0
0
6
-4
-6
116
-1
3
1
1
3
-1
3
-3
1
-3
-1
-1
-3
1
-3
1
0
0
6
2
0
0
-6
2
0
0
6
-4
-6
8224
22359
62
29
11
4
9
19
62
2
3
1
1
3
-1
3
-3
1
-3
-1
-1
-3
1
-3
1
0
0
6
2
0
0
-6
2
0
0
6
-4
-6
102
13
3
1
1
3
-1
3
-3
1
-3
-1
-1
-3
1
-3
1
0
0
6
2
0
0
-6
2
0
0
6
-4
-6
8224
22359
63
44
7
3
14
17
63
2
3
1
1
3
-1
3
-3
1
-3
-1
-1
-3
1
-3
1
0
0
6
2
0
0
-6
2
0
0
6
-4
-6
120
-1
3
1
1
3
-1
3
-3
1
-3
-1
-1
-3
1
-3
1
0
0
6
2
0
0
-6
2
0
0
6
-4
-6
-107
12
3
1
1
3
-1
3
-3
1
-3
-1
-1
-3
1
-3
1
0
0
6
2
0
0
-6
2
0
0
6
-4
-6
8224
22359
64
44
10
2
8
27
64
2
3
1
1
3
-1
3
-3
1
-3
-1
-1
-3
1
-3
1
0
0
6
2
0
0
-6
2
0
0
6
-4
-6
102
11
3
1
1
3
-1
3
-3
1
-3
-1
-1
-3
1
-3
1
0
0
6
2
0
0
-6
2
0
0
6
-4
-6
102
11
3
1
1
3
-1
3
-3
1
-3
-1
-1
-3
1
-3
1
0
0
6
2
0
0
-6
2
0
0
6
-4
-6
8224
22359
65
59
15
5
4
18
65
2
3
1
1
3
-1
3
-3
1
-3
-1
-1
-3
1
-3
1
0
0
6
2
0
0
-6
2
0
0
6
-4
-6
111
11
3
1
1
3
-1
3
-3
1
-3
-1
-1
-3
1
-3
1
0
0
6
2
0
0
-6
2
0
0
6
-4
-6
-107
11
3
1
1
3
-1
3
-3
1
-3
-1
-1
-3
1
-3
1
0
0
6
2
0
0
-6
2
0
0
6
-4
-6
-107
-13
3
1
1
3
-1
3
-3
1
-3
-1
-1
-3
1
-3
1
0
0
6
2
0
0
-6
2
0
0
6
-4
-6
8224
22359
66
27
10
14
33
21
66
2
2
-1
0
-1
-2
-1
-2
1
0
2
2
2
2
0
2
-2
0
-2
-2
-2
-2
0
-103
-5
-4
4
-1
4
1
4
4
4
4
1
4
-1
4
-4
2
-8
4
-4
4
-1
4
1
4
4
1
4
-1
4
-4
4
8224
22359
67
39
7
5
10
14
67
2
-4
4
-1
4
1
4
4
4
4
1
4
-1
4
-4
2
-8
4
-4
4
-1
4
1
4
4
1
4
-1
4
-4
4
-105
-7
2
-1
0
-1
-2
-1
-2
1
0
2
2
2
2
0
2
-2
0
-2
-2
-2
-2
0
-118
0
2
0
2
2
0
2
-2
2
-2
0
-2
-2
0
-2
2
-1
2
1
0
1
-2
1
8224
22359
68
21
14
14
11
18
68
2
-6
-8
3
4
5
0
-10
0
5
0
3
-4
-6
8
103
2
3
1
1
3
-1
3
-3
1
-3
-1
-1
-3
1
-3
3
0
2
2
-1
3
-2
0
-1
-2
2
-2
8224
22359
69
29
13
12
13
24
69
2
-6
-8
3
4
5
0
-10
0
5
0
3
-4
-6
8
103
2
3
1
1
3
-1
3
-3
1
-3
-1
-1
-3
1
-3
3
0
2
2
-1
3
-2
0
-1
-2
2
-2
-103
8
6
8
-3
-4
-5
0
10
0
-5
0
-3
4
6
-8
8224
22359
70
5
14
6
16
10
70
2
-6
8
6
0
-6
-8
-102
4
10
0
8224
22359
71
11
12
6
28
10
71
2
-6
8
106
0
-6
-8
-102
4
10
0
112
-4
-6
8
106
0
-6
-8
-102
4
10
0
8224
22359
72
11
14
5
16
21
72
2
-6
8
106
0
-6
-8
-102
4
10
0
-102
8
-6
8
106
0
-6
-8
-102
4
10
0
8224
22359
73
17
11
3
21
20
73
2
-6
8
106
0
-6
-8
-102
4
10
0
114
-4
-6
8
106
0
-6
-8
-102
4
10
0
-110
9
-6
8
106
0
-6
-8
-102
4
10
0
8224
22359
74
17
13
2
15
30
74
2
-6
8
106
0
-6
-8
-102
4
10
0
-102
8
-6
8
106
0
-6
-8
-102
4
10
0
-102
8
-6
8
106
0
-6
-8
-102
4
10
0
8224
22359
75
23
18
2
20
32
75
2
-6
8
106
0
-6
-8
-102
4
10
0
106
9
-6
8
106
0
-6
-8
-102
4
10
0
-118
-4
-6
8
106
0
-6
-8
-102
4
10
0
106
9
-6
8
106
0
-6
-8
-102
4
10
0
8224
22359
76
9
8
10
24
10
76
2
-1
-2
-5
2
5
2
1
-2
16
0
1
2
5
-2
-5
-2
-1
2
8224
22359
77
6
2
10
30
10
77
2
11
0
3
5
6
-10
-12
0
3
5
17
0
8224
22359
78
7
13
5
19
5
78
2
6
10
-3
-5
-14
0
28
0
-14
0
-3
5
6
-10
8224
22359
79
15
3
4
15
12
79
2
13
19
13
-19
-26
0
112
4
2
0
2
2
0
2
-2
2
-2
0
-2
-2
0
-2
2
-1
2
1
0
1
-2
1
8224
22359
80
20
16
15
10
21
80
2
-11
0
-1
-1
6
-12
1
0
6
12
-1
1
-106
4
3
1
1
3
-1
3
-3
1
-3
-1
-1
-3
1
-3
3
0
2
2
-1
3
-2
0
-1
-2
2
-2
8224
22359
81
22
6
10
10
21
81
2
9
0
2
4
-1
1
-11
0
-1
-1
6
-12
1
0
4
8
-105
9
3
1
1
3
-1
3
-3
1
-3
-1
-1
-3
1
-3
3
0
2
2
-1
3
-2
0
-1
-2
2
-2
8224
22359
82
34
14
15
8
33
82
2
-11
0
-1
-1
6
-12
1
0
6
12
-1
1
-106
4
3
1
1
3
-1
3
-3
1
-3
-1
-1
-3
1
-3
3
0
2
2
-1
3
-2
0
-1
-2
2
-2
100
10
3
1
1
3
-1
3
-3
1
-3
-1
-1
-3
1
-3
3
0
2
2
-1
3
-2
0
-1
-2
2
-2
8224
22359
83
28
14
15
8
33
83
2
-11
0
-1
-1
6
-12
1
0
6
12
-1
1
-103
4
-6
8
3
-4
5
0
-10
0
5
0
3
4
-6
-8
103
12
3
1
1
3
-1
3
-3
1
-3
-1
-1
-3
1
-3
3
0
2
2
-1
3
-2
0
-1
-2
2
-2
8224
22359
84
30
4
10
8
33
84
2
9
0
2
4
-1
1
-11
0
-1
-1
6
-12
1
0
4
8
-102
9
-6
8
3
-4
5
0
-10
0
5
0
3
4
-6
-8
103
12
3
1
1
3
-1
3
-3
1
-3
-1
-1
-3
1
-3
3
0
2
2
-1
3
-2
0
-1
-2
2
-2
8224
22359
85
14
16
15
7
19
85
2
-11
0
-1
-1
6
-12
1
0
6
12
-1
1
-103
4
-6
8
3
-4
5
0
-10
0
5
0
3
4
-6
-8
8224
22359
86
16
6
10
7
19
86
2
9
0
2
4
-1
1
-11
0
-1
-1
6
-12
1
0
4
8
-102
9
-6
8
3
-4
5
0
-10
0
5
0
3
4
-6
-8
8224
22359
87
13
16
15
16
19
87
2
-11
0
-1
-1
6
-12
1
0
6
12
-1
1
100
4
-11
0
-1
1
6
7
1
0
6
-7
-1
-1
8224
22359
88
15
6
10
16
19
88
2
9
0
2
4
-1
1
-11
0
-1
-1
6
-12
1
0
4
8
101
9
-11
0
-1
1
6
7
1
0
6
-7
-1
-1
8224
22359
89
22
16
15
9
21
89
2
-11
0
-1
-1
6
-12
1
0
6
12
-1
1
100
4
-11
0
-1
1
6
7
1
0
6
-7
-1
-1
-5
6
-1
0
-3
-4
1
-1
3
0
1
1
-1
2
-1
0
-1
-2
8224
22359
90
24
6
10
9
21
90
2
9
0
2
4
-1
1
-11
0
-1
-1
6
-12
1
0
4
8
101
9
-11
0
-1
1
6
7
1
0
6
-7
-1
-1
-5
6
-1
0
-3
-4
1
-1
3
0
1
1
-1
2
-1
0
-1
-2
8224
22359
91
30
17
4
30
11
91
2
-1
4
-1
0
-2
-2
0
-1
4
-1
-8
8
0
2
7
7
0
1
-10
0
-1
-1
0
-17
111
-2
6
2
0
18
-6
2
114
-15
3
1
1
3
-1
3
-3
1
-3
-1
-1
-3
1
-3
3
0
2
2
-1
3
-2
0
-1
-2
2
-2
8224
22359
92
44
17
4
30
5
92
2
-1
4
-1
0
-2
-2
0
-1
4
-1
-8
8
0
2
7
7
0
1
-10
0
-1
-1
0
-17
111
-2
6
2
0
18
-6
2
114
-9
3
1
1
3
-1
3
-3
1
-3
-1
-1
-3
1
-3
3
0
2
2
-1
3
-2
0
-1
-2
2
-2
100
-14
3
1
1
3
-1
3
-3
1
-3
-1
-1
-3
1
-3
3
0
2
2
-1
3
-2
0
-1
-2
2
-2
8224
22359
93
23
16
4
30
16
93
2
-1
4
-1
0
-2
-2
0
-1
4
-1
-8
8
0
2
7
7
0
1
-10
0
-1
-1
0
-17
111
-2
6
2
0
18
-6
2
115
-8
-5
-5
1
-1
9
0
1
1
-5
5
-1
0
8224
22359
94
30
16
4
30
11
94
2
-1
4
-1
0
-2
-2
0
-1
4
-1
-8
8
0
2
7
7
0
1
-10
0
-1
-1
0
-17
111
-2
6
2
0
18
-6
2
115
-3
-5
-5
1
-1
9
0
1
1
-5
5
-1
0
100
-10
-5
-5
1
-1
9
0
1
1
-5
5
-1
0
8224
22359
95
26
16
3
9
27
95
2
-1
4
-1
0
-2
-2
0
-1
4
-1
-8
8
0
2
7
7
0
1
-10
0
-1
-1
0
-17
105
22
3
1
1
3
-1
3
-3
1
-3
-1
-1
-3
1
-3
3
0
2
2
-1
3
-2
0
-1
-2
2
-2
8224
22359
96
19
16
4
4
27
96
2
-1
4
-1
0
-2
-2
0
-1
4
-1
-8
8
0
2
7
7
0
1
-10
0
-1
-1
0
-17
100
23
5
5
1
0
5
-5
-1
-1
-9
0
-1
1
8224
22359
97
26
9
3
9
27
97
2
4
1
0
1
-2
2
-1
0
-1
-4
6
6
-6
6
5
5
0
1
-9
0
-1
-1
0
-17
105
22
3
1
1
3
-1
3
-3
1
-3
-1
-1
-3
1
-3
3
0
2
2
-1
3
-2
0
-1
-2
2
-2
8224
22359
98
29
15
4
9
32
98
2
-1
4
-1
0
-2
-2
0
-1
4
-1
-6
6
5
5
0
1
-8
0
-1
-1
0
-11
113
22
-3
2
-1
-2
1
-2
3
2
-16
0
6
0
3
-2
0
-2
-2
-2
-2
0
2
0
2
2
0
2
-6
4
0
2
2
2
2
0
8224
22359
99
19
9
4
4
27
99
2
4
1
0
1
-2
2
-1
0
-1
-4
6
6
-6
6
5
5
0
1
-9
0
-1
-1
0
-17
100
23
5
5
1
0
5
-5
-1
-1
-9
0
-1
1
21331
22359
7
8
7
2
15
2
127
2
6
10
1
3
-1
2
-2
1
-2
-1
-1
-2
1
-3
6
-10
21280
22359
93
24
16
4
33
17
103
2
-1
4
-1
0
-2
-2
0
-1
4
-1
-8
8
0
2
7
7
0
1
-10
0
-1
-1
0
-17
111
-2
6
2
0
18
-6
2
112
-7
6
-8
-3
4
-5
0
10
0
-5
0
-3
-4
6
8
21280
22359
94
32
16
4
27
11
104
2
-1
4
-1
0
-2
-2
0
-1
4
-1
-8
8
0
2
7
7
0
1
-10
0
-1
-1
0
-17
111
-2
6
2
0
18
-6
2
112
-1
6
-8
-3
4
-5
0
10
0
-5
0
-3
-4
6
8
100
-12
-6
-8
3
4
5
0
-10
0
5
0
3
-4
-6
8
21280
22359
95
20
17
3
14
25
105
2
-1
4
-1
0
-2
-2
0
-1
4
-1
-8
8
0
2
7
7
0
1
-10
0
-1
-1
0
-17
103
22
6
8
-3
-4
-5
0
10
0
-5
0
-3
4
6
-8
21280
22359
97
20
9
3
12
25
107
2
4
1
0
1
-2
2
-1
0
-1
-4
6
6
-6
6
5
5
0
1
-9
0
-1
-1
0
-17
102
22
6
8
-3
-4
-5
0
10
0
-5
0
-3
4
6
-8
21280
22359
95
34
21
5
25
34
115
2
-1
4
-1
0
-2
-2
0
-1
4
-1
-8
8
0
2
7
7
0
1
-10
0
-1
-1
0
-17
-104
23
2
0
2
2
0
2
-2
2
-2
0
-2
-2
0
-2
2
-1
2
1
0
1
-2
1
106
-5
6
8
104
-1
4
-6
-2
3
-4
0
8
0
-4
0
-2
-3
4
6
21280
22359
97
34
14
5
25
34
117
2
4
1
0
1
-2
2
-1
0
-1
-4
6
6
-6
6
5
5
0
1
-9
0
-1
-1
0
-17
-104
23
2
0
2
2
0
2
-2
2
-2
0
-2
-2
0
-2
2
-1
2
1
0
1
-2
1
106
-5
6
8
104
-1
4
-6
-2
3
-4
0
8
0
-4
0
-2
-3
4
6
20000
8224
0
12
12
20
12
20
128
2
-4
-1
-3
-3
-1
-4
1
-4
3
-3
4
-1
4
1
3
3
1
4
-1
4
-3
3
-4
1
20000
8224
1
13
12
4
12
20
129
2
0
16
-4
-1
-3
-3
-1
-4
1
-4
3
-3
4
-1
4
1
3
3
1
4
-1
4
-3
3
-4
1
20000
8224
2
28
12
12
12
20
130
2
8
0
-4
6
-3
1
0
-1
3
-1
-3
0
4
-1
-4
0
4
-1
-4
0
5
-1
-5
0
5
-1
-5
0
-1
-1
0
8
-4
-1
-3
-3
-1
-4
1
-4
3
-3
4
-1
4
1
3
3
1
4
-1
4
-3
3
-4
1
20000
8224
3
29
12
4
12
20
131
2
0
8
8
0
-4
6
-3
1
0
-1
3
-1
-3
0
4
-1
-4
0
4
-1
-4
0
5
-1
-5
0
5
-1
-5
0
-1
-1
0
8
-4
-1
-3
-3
-1
-4
1
-4
3
-3
4
-1
4
1
3
3
1
4
-1
4
-3
3
-4
1
20000
8224
4
42
12
4
12
20
132
2
6
4
1
4
-1
4
-5
3
0
-1
2
-1
-2
0
4
-1
-4
0
4
-1
-4
0
5
-1
-5
0
5
-1
-5
0
5
-1
-5
0
5
-1
-5
0
5
-1
-5
0
4
-1
-4
0
4
-1
-4
0
3
-1
-3
0
1
-1
-2
-2
0
16
-4
-1
-3
-3
-1
-4
1
-4
3
-3
4
-1
4
1
3
3
1
4
-1
4
-3
3
-4
1
20000
8224
5
44
4
12
12
20
133
2
8
0
0
-8
6
4
1
4
-1
4
-5
3
0
-1
2
-1
-2
0
4
-1
-4
0
4
-1
-4
0
5
-1
-5
0
5
-1
-5
0
5
-1
-5
0
5
-1
-5
0
5
-1
-5
0
4
-1
-4
0
4
-1
-4
0
3
-1
-3
0
1
-1
-2
-2
0
16
-4
-1
-3
-3
-1
-4
1
-4
3
-3
4
-1
4
1
3
3
1
4
-1
4
-3
3
-4
1
20000
8224
6
44
12
4
4
12
134
2
-2
1
5
0
1
1
-8
0
-1
1
10
0
1
1
-12
0
-1
1
14
0
0
1
-14
0
0
1
14
0
0
1
-6
0
0
1
6
0
0
1
-6
0
0
1
6
0
-1
1
-5
0
0
1
4
0
-1
1
-3
0
1
1
-2
1
0
-8
-8
0
1
-4
3
-3
4
-1
4
1
3
3
1
4
-1
4
-3
3
-4
1
-4
-1
-3
-3
-1
-4
20000
8224
7
35
4
12
20
12
135
2
1
3
0
-6
1
-1
0
8
1
1
0
-10
1
-1
0
12
1
1
0
-14
6
0
0
14
-6
0
6
0
1
-1
0
-12
1
1
0
10
1
-1
0
-8
1
1
0
6
1
-3
-1
4
-3
3
-4
1
-4
-1
-3
-3
-1
-4
1
-4
3
-3
4
-1
4
1
3
3
1
4
20000
8224
8
43
4
12
20
12
136
2
1
3
0
-6
1
-1
0
8
1
1
0
-10
1
-1
0
12
1
1
0
-14
1
0
0
14
1
0
0
-14
1
0
0
14
1
0
0
-14
1
0
0
14
1
0
0
-14
1
1
0
12
1
-1
0
-10
1
1
0
8
1
-1
0
-5
1
2
-1
4
-3
3
-4
1
-4
-1
-3
-3
-1
-4
1
-4
3
-3
4
-1
4
1
3
3
1
4
20000
8224
9
17
7
18
12
20
137
2
10
-12
-5
6
-5
-6
10
12
-5
2
-4
-1
-3
-3
-1
-4
1
-4
3
-3
4
-1
4
1
3
3
1
4
-1
4
-3
3
-4
1
8224
8279
3
7
9
2
19
10
123
2
0
16
0
-8
-8
0
18
0
-3
-2
0
4
3
-2
8224
8279
4
5
1
2
19
14
142
2
18
0
100
6
-18
0
100
6
18
0
22304
8224
5
25
8
10
4
17
143
2
0
-2
-4
-4
0
-2
6
6
0
8
-2
2
-4
0
-2
-2
0
-4
2
-2
4
0
1
1
-5
0
-1
1
6
0
0
1
-6
0
0
1
6
0
0
1
-6
0
0
1
6
0
-1
1
-4
0
22304
8224
6
28
8
2
8
14
144
2
5
2
1
4
-1
4
-5
2
-5
-2
-1
-4
1
-4
5
-2
3
2
-6
0
-1
1
8
0
1
1
-10
0
0
1
10
0
0
1
-10
0
0
1
10
0
0
1
-10
0
1
1
9
0
-1
1
-8
0
5
1
-1
1
8224
8279
7
7
6
2
14
2
145
2
8
14
-4
-7
-8
0
16
0
-8
0
-4
7
8
-14
8224
8279
8
3
10
2
10
2
146
2
8
16
-16
0
8
-16
8224
8279
9
8
6
2
18
2
147
2
0
16
-4
0
16
0
-6
-8
6
-8
0
3
-3
-2
3
-1
8224
8279
3
16
6
4
19
10
141
2
2
-2
4
0
2
2
0
4
-2
2
-4
0
-2
2
0
4
2
2
4
0
2
-2
-113
-6
18
0
-3
-2
0
4
3
-2
8224
17228
1
7
2
2
2
2
149
2
16
0
-1
4
-3
3
-4
1
-4
-1
-3
-3
-1
-4
8224
17228
2
13
15
8
6
9
150
2
0
3
-2
3
-3
1
-3
-1
-2
-3
0
-3
-2
-2
-1
-4
16
0
-1
4
-3
3
-4
1
-4
-1
8224
17228
3
15
15
8
6
9
151
2
0
3
-2
3
-3
1
0
-8
0
8
-3
-1
-2
-3
0
-3
-2
-2
-1
-4
16
0
-1
4
-3
3
-4
1
-4
-1
8224
17228
4
15
16
8
18
8
152
2
-1
3
-2
2
-3
1
-3
-1
-2
-2
-1
-3
-2
0
4
0
0
-2
2
-3
2
-1
2
1
2
3
0
2
4
0
8224
17228
5
8
2
8
18
8
153
2
4
0
0
-2
2
-3
2
-1
2
1
2
3
0
2
4
0
8224
17228
6
1
2
10
18
10
154
2
16
0
8224
17228
7
5
1
10
19
10
155
2
2
0
106
0
2
0
106
0
2
0
8224
17228
8
16
2
2
18
18
156
2
16
0
-1
4
-3
3
-4
1
-4
-1
-3
-3
-1
-4
100
16
4
0
0
-2
2
-3
2
-1
2
1
2
3
0
2
4
0
8224
17228
9
10
14
9
6
9
157
2
3
4
-14
0
3
-4
-3
-3
-1
-4
16
0
-1
4
-3
3
-4
1
-4
-1
8224
17229
1
2
18
2
18
14
159
2
-16
0
16
12
8224
17229
2
5
18
18
18
2
160
2
-16
-16
6
0
10
10
-10
-10
10
0
8224
17229
3
10
2
13
18
13
161
2
1
-4
3
-2
2
0
2
3
0
2
0
-2
2
-3
2
0
3
2
1
4
8224
17229
4
6
10
7
16
18
162
2
0
-2
-2
-3
-2
0
-3
2
-1
3
14
11
8224
17229
5
11
18
7
16
18
163
2
-1
-3
-3
-2
-2
0
-2
3
0
2
0
-2
-2
-3
-2
0
-3
2
-1
3
14
11
8224
17229
6
17
2
2
2
14
164
2
1
4
3
3
4
1
0
2
0
-2
4
-1
3
-3
1
-4
-1
4
-3
3
3
2
1
3
-1
-3
-3
-2
-8
0
-3
2
-1
3
8224
17229
7
12
2
7
16
18
165
2
16
0
-1
-3
-3
-2
-2
0
-2
3
0
2
0
-2
-2
-3
-2
0
-3
2
-1
3
14
11
8224
17229
8
6
2
2
14
2
166
2
0
16
3
-3
3
-1
3
1
3
3
0
-16
8224
17229
9
12
2
6
15
20
167
2
1
-2
4
-2
2
0
3
2
1
2
-102
5
0
-2
-2
-3
-2
0
-3
2
-1
3
12
9
8224
17224
1
5
2
2
18
8
169
2
18
0
2
2
0
2
-2
2
-2
0
8224
17224
2
10
18
8
12
8
170
2
2
0
2
-2
0
-2
-2
-2
-18
0
12
0
2
2
0
2
-2
2
-2
0
8224
17224
3
5
2
8
18
2
171
2
18
0
2
-2
0
-2
-2
-2
-2
0
8224
17224
4
5
2
2
9
17
172
2
13
13
0
2
-2
2
-2
0
-2
-2
8224
17224
5
6
2
8
22
2
173
2
2
0
2
-2
0
-2
-2
-2
-2
0
20
0
8224
17224
6
6
10
2
9
17
174
2
-8
0
13
13
0
2
-2
2
-2
0
-2
-2
8224
17224
7
11
2
8
22
8
175
2
2
0
2
-2
0
-2
-2
-2
-2
0
20
0
-2
0
-2
2
0
2
2
2
2
0
8224
17224
8
6
2
2
22
8
176
2
20
0
-2
0
-2
2
0
2
2
2
2
0
8224
17224
9
15
18
7
10
20
177
2
-1
-3
-3
-2
-2
0
-2
3
0
2
0
-2
-2
-3
-2
0
-3
2
-1
3
14
11
0
2
-2
2
-2
0
-2
-2
8224
8257
0
2
2
2
14
11
178
2
7
12
5
-3
8224
8257
1
2
2
2
14
14
179
2
7
12
5
0
8224
8257
2
1
2
2
14
14
180
2
12
12
8224
8257
3
2
2
5
14
14
181
2
5
-3
7
12
8224
8257
4
1
2
8
14
8
182
2
12
0
8224
8257
5
2
2
14
14
5
183
2
7
-12
5
3
8224
8257
6
2
2
14
14
2
184
2
7
-12
5
0
8224
8257
7
1
2
14
14
2
185
2
12
-12
8224
8257
8
2
2
11
14
2
186
2
5
3
7
-12
8224
17491
1
4
2
2
14
14
189
2
12
12
-1
-4
-3
3
4
1
8224
17491
2
4
2
8
14
8
190
2
12
0
-4
-2
0
4
4
-2
8224
17491
3
4
2
14
14
2
191
2
12
-12
-4
1
3
3
1
-4
8224
17491
4
4
8
2
8
14
192
2
-2
4
4
0
-2
-4
0
12
8224
17491
5
4
2
2
14
14
193
2
1
4
3
-3
-4
-1
12
12
8224
17491
6
4
2
8
14
8
194
2
4
2
0
-4
-4
2
12
0
8224
17491
7
4
2
14
14
2
195
2
4
-1
-3
-3
-1
4
12
-12
8224
17491
8
4
8
2
8
14
196
2
0
12
2
-4
-4
0
2
4
8224
8270
0
17
12
20
3
3
120
2
-4
-1
-3
-3
-1
-4
1
-4
3
-3
4
-1
4
1
3
3
1
4
-1
4
-3
3
-4
1
-109
1
18
-18
-9
9
9
9
-18
-18
17217
19533
0
12
12
23
12
23
121
2
6
-2
4
-4
1
-5
-1
-5
-4
-4
-6
-2
-6
2
-4
4
-1
5
1
5
4
4
6
2
22345
20036
1
1
13
20
20
59
0
2
7
39
35
64
-10
-59
22345
20036
2
1
15
20
28
57
0
2
13
37
44
60
-20
-56
22345
20036
3
1
16
19
36
54
0
2
20
35
52
54
-29
-51
22345
20036
4
1
17
18
43
49
0
2
26
31
59
46
-38
-45
22345
20036
5
1
18
17
49
43
0
2
31
26
64
38
-45
-38
22345
20036
6
1
19
16
54
36
0
2
35
20
68
28
-51
-30
22345
20036
7
1
20
15
57
28
0
2
37
13
69
18
-56
-20
22345
20036
8
1
20
13
59
20
0
2
39
7
69
8
-59
-10
22345
20036
9
1
20
12
60
12
0
2
40
0
68
-1
-60
0
22345
20036
10
1
20
11
59
4
0
2
39
-7
64
-10
-59
10
22345
20036
11
1
20
9
57
-3
0
2
37
-12
60
-18
-56
20
22345
20036
12
1
19
8
54
-11
0
2
35
-19
54
-26
-51
29
22345
20036
13
1
18
7
49
-18
0
2
31
-25
46
-33
-45
38
22345
20036
14
1
17
6
43
-24
0
2
26
-30
38
-38
-38
45
22345
20036
15
1
16
5
36
-29
0
2
20
-34
28
-42
-30
51
22345
20036
16
1
15
4
28
-32
0
2
13
-36
18
-43
-20
56
22345
20036
17
1
13
4
20
-34
0
2
7
-38
8
-43
-10
59
22345
20036
18
1
12
4
12
-35
0
2
0
-39
-1
-42
0
60
22345
20036
19
1
11
4
4
-34
0
2
-7
-38
-10
-38
10
59
22345
20036
20
1
9
4
-3
-32
0
2
-12
-36
-18
-34
20
56
22345
20036
21
1
8
5
-11
-29
0
2
-19
-34
-26
-28
29
51
22345
20036
22
1
7
6
-18
-24
0
2
-25
-30
-33
-20
38
45
22345
20036
23
1
6
7
-24
-18
0
2
-30
-25
-38
-12
45
38
22345
20036
24
1
5
8
-29
-11
0
2
-34
-19
-42
-2
51
30
22345
20036
25
1
4
9
-32
-3
0
2
-36
-12
-43
7
56
20
22345
20036
26
1
4
11
-34
4
0
2
-38
-7
-43
16
59
10
22345
20036
27
1
4
12
-35
12
0
2
-39
0
-42
26
60
0
22345
20036
28
1
4
13
-34
20
0
2
-38
7
-38
35
59
-10
22345
20036
29
1
4
15
-32
28
0
2
-36
13
-34
44
56
-20
22345
20036
30
1
5
16
-29
36
0
2
-34
20
-28
52
51
-29
22345
20036
31
1
6
17
-24
43
0
2
-30
26
-20
59
45
-38
22345
20036
32
1
7
18
-18
49
0
2
-25
31
-12
64
38
-45
22345
20036
33
1
8
19
-11
54
0
2
-19
35
-2
68
30
-51
22345
20036
34
1
9
20
-3
57
0
2
-12
37
7
69
20
-56
22345
20036
35
1
11
20
4
59
0
2
-7
39
16
69
10
-59
22345
20036
36
1
12
20
12
60
0
2
0
40
26
68
0
-60
17495
17495
1
11
7
0
9
20
0
2
4
3
-4
-3
-3
4
3
-4
2
10
-2
1
4
1
-4
3
4
1
-4
3
2
1
17495
17495
2
11
6
1
11
20
0
2
5
2
-5
-2
-2
5
2
-5
3
9
-2
2
4
1
-3
3
4
1
-3
3
2
0
17495
17495
3
11
4
1
14
20
0
2
5
1
-5
-1
-1
5
1
-5
5
9
-1
2
4
0
-2
4
4
0
-2
4
2
0
17495
17495
4
11
3
2
14
17
0
2
5
0
-5
0
0
5
0
-5
6
8
-1
2
4
-1
-2
4
4
-1
-2
4
2
-1
17495
17495
5
11
2
3
17
14
0
2
5
0
-5
0
0
5
0
-5
8
6
-1
2
4
-2
-1
4
4
-2
-1
4
2
-1
17495
17495
6
11
1
5
20
15
0
2
5
-1
-5
1
1
5
-1
-5
9
5
0
2
4
-2
0
4
4
-2
0
4
2
-1
17495
17495
7
11
1
6
20
11
0
2
5
-2
-5
2
2
5
-2
-5
9
3
0
2
3
-3
1
4
3
-3
1
4
2
-2
17495
17495
8
11
0
7
20
9
0
2
4
-3
-4
3
3
4
-3
-4
10
2
1
2
3
-4
1
4
3
-4
1
4
1
-2
17495
17495
9
11
0
10
20
10
0
2
4
-4
-4
4
4
4
-4
-4
10
0
1
2
2
-4
2
4
2
-4
2
4
1
-2
17495
17495
10
11
0
12
20
10
0
2
3
-4
-3
4
4
3
-4
-3
10
-2
1
2
1
-4
3
4
1
-4
3
4
1
-2
17495
17495
11
11
1
13
20
8
0
2
2
-5
-2
5
5
2
-5
-2
9
-3
2
2
1
-4
3
3
1
-4
3
3
0
-2
17495
17495
12
11
1
15
20
5
0
2
1
-5
-1
5
5
1
-5
-1
9
-5
2
1
0
-4
4
2
0
-4
4
2
0
-2
17495
17495
13
11
2
16
17
5
0
2
0
-5
0
5
5
0
-5
0
8
-6
2
1
-1
-4
4
2
-1
-4
4
2
-1
-2
17495
17495
14
11
3
17
14
2
0
2
0
-5
0
5
5
0
-5
0
6
-8
2
1
-2
-4
4
1
-2
-4
4
1
-1
-2
17495
17495
15
11
5
18
15
-1
0
2
-1
-5
1
5
5
-1
-5
1
5
-9
2
0
-2
-4
4
0
-2
-4
4
0
-1
-2
17495
17495
16
11
6
18
11
-1
0
2
-2
-5
2
5
5
-2
-5
2
3
-9
2
0
-3
-3
4
-1
-3
-3
4
-1
-2
-2
17495
17495
17
11
7
19
9
-1
0
2
-3
-4
3
4
4
-3
-4
3
2
-10
2
-1
-4
-3
4
-1
-4
-3
4
-1
-2
-1
17495
17495
18
11
10
19
10
-1
0
2
-4
-4
4
4
4
-4
-4
4
0
-10
2
-1
-4
-2
4
-2
-4
-2
4
-2
-2
-1
17495
17495
19
11
12
19
10
-1
0
2
-4
-3
4
3
3
-4
-3
4
-2
-10
2
-1
-4
-1
4
-3
-4
-1
4
-3
-2
-1
17495
17495
20
11
13
18
8
-1
0
2
-5
-2
5
2
2
-5
-2
5
-3
-9
2
-2
-4
-1
3
-3
-4
-1
3
-3
-2
0
17495
17495
21
11
15
18
5
-1
0
2
-5
-1
5
1
1
-5
-1
5
-5
-9
1
-2
-4
0
2
-4
-4
0
2
-4
-2
0
17495
17495
22
11
16
17
5
2
0
2
-5
0
5
0
0
-5
0
5
-6
-8
1
-2
-4
1
2
-4
-4
1
2
-4
-2
1
17495
17495
23
11
17
16
2
5
0
2
-5
0
5
0
0
-5
0
5
-8
-6
1
-2
-4
2
1
-4
-4
2
1
-4
-2
1
17495
17495
24
11
18
14
-1
4
0
2
-5
1
5
-1
-1
-5
1
5
-9
-5
0
-2
-4
2
0
-4
-4
2
0
-4
-2
1
17495
17495
25
11
18
13
-1
8
0
2
-5
2
5
-2
-2
-5
2
5
-9
-3
0
-2
-3
3
-1
-4
-3
3
-1
-4
-2
2
17495
17495
26
11
19
12
-1
10
0
2
-4
3
4
-3
-3
-4
3
4
-10
-2
-1
-2
-3
4
-1
-4
-3
4
-1
-4
-1
2
17495
17495
27
11
19
10
-1
10
0
2
-4
4
4
-4
-4
-4
4
4
-10
0
-1
-2
-2
4
-2
-4
-2
4
-2
-4
-1
2
17495
17495
28
11
19
7
-1
9
0
2
-3
4
3
-4
-4
-3
4
3
-10
2
-1
-2
-1
4
-3
-4
-1
4
-3
-4
-1
2
17495
17495
29
11
18
6
-1
11
0
2
-2
5
2
-5
-5
-2
5
2
-9
3
-2
-2
-1
4
-3
-3
-1
4
-3
-3
0
2
17495
17495
30
11
18
4
-1
14
0
2
-1
5
1
-5
-5
-1
5
1
-9
5
-2
-1
0
4
-4
-2
0
4
-4
-2
0
2
17495
17495
31
11
17
3
2
14
0
2
0
5
0
-5
-5
0
5
0
-8
6
-2
-1
1
4
-4
-2
1
4
-4
-2
1
2
17495
17495
32
11
16
2
5
17
0
2
0
5
0
-5
-5
0
5
0
-6
8
-2
-1
2
4
-4
-1
2
4
-4
-1
1
2
17495
17495
33
11
14
1
4
20
0
2
1
5
-1
-5
-5
1
5
-1
-5
9
-2
0
2
4
-4
0
2
4
-4
0
1
2
17495
17495
34
11
13
1
8
20
0
2
2
5
-2
-5
-5
2
5
-2
-3
9
-2
0
3
3
-4
1
3
3
-4
1
2
2
17495
17495
35
11
12
0
10
20
0
2
3
4
-3
-4
-4
3
4
-3
-2
10
-2
1
4
3
-4
1
4
3
-4
1
2
1
17495
17495
36
11
10
0
10
20
0
2
4
4
-4
-4
-4
4
4
-4
0
10
-2
1
4
2
-4
2
4
2
-4
2
2
1
17224
16722
0
8
4
2
4
2
200
2
2
0
2
2
0
8
-2
2
-2
0
-2
-2
0
-8
2
-2
17224
16722
1
2
6
2
2
10
201
2
0
12
-4
-4
17224
16722
2
7
8
2
2
12
202
2
-6
0
0
2
6
6
0
2
-2
2
-2
0
-2
-2
17224
16722
3
10
2
2
2
14
203
2
4
0
2
2
0
2
-2
2
-2
0
2
0
2
2
0
2
-2
2
-4
0
17224
16722
4
5
7
2
5
14
204
2
0
8
0
-4
2
0
-8
0
4
8
17224
16722
5
8
8
14
2
2
205
2
-6
0
0
-6
2
2
2
0
2
-2
0
-4
-2
-2
-4
0
17224
16722
6
10
6
14
2
6
206
2
-2
0
-2
-2
0
-8
2
-2
2
0
2
2
0
2
-2
2
-2
0
-2
-2
17224
16722
7
4
2
12
3
2
207
2
0
2
6
0
0
-2
-5
-10
17224
16722
8
16
4
14
4
14
208
2
2
0
2
-2
0
-2
-2
-2
-2
0
-2
-2
0
-2
2
-2
2
0
2
2
0
2
-2
2
-2
0
-2
2
0
2
2
2
17224
16722
9
10
4
2
8
10
209
2
2
0
2
2
0
8
-2
2
-2
0
-2
-2
0
-2
2
-2
2
0
2
2
17224
16722
10
4
5
4
9
8
210
2
0
8
0
-4
-4
0
8
0
17224
16722
11
1
1
8
9
8
211
2
8
0
21333
16928
0
4
2
2
2
14
212
2
6
12
-3
-6
3
-6
-6
12
17224
16722
12
1
1
0
5
16
213
2
4
16
17224
16722
13
14
3
2
5
2
214
2
1
0
1
1
0
1
-1
1
-1
0
-1
-1
0
-1
1
-1
0
3
1
-3
0
3
1
-1
-3
0
3
-1
17224
16722
14
15
1
0
5
2
215
2
2
2
1
0
1
1
0
1
-1
1
-1
0
-1
-1
0
-1
1
-1
0
3
1
-3
0
3
1
-1
-3
0
3
-1
17224
8257
1
6
2
2
8
2
301
2
2
12
2
0
1
-6
-4
0
4
0
1
-6
17224
8258
2
11
2
2
2
2
302
2
0
12
4
0
2
-2
0
-2
-2
-2
-4
0
4
0
2
-2
0
-2
-2
-2
-4
0
17224
8259
3
7
8
4
8
12
303
2
-2
-2
-2
0
-2
2
0
8
2
2
2
0
2
-2
17224
8260
4
6
2
2
2
2
304
2
0
12
4
0
2
-2
0
-8
-2
-2
-4
0
17224
8261
5
6
8
2
8
14
305
2
-6
0
0
6
4
0
-4
0
0
6
6
0
17224
8262
6
5
2
2
8
14
306
2
0
6
4
0
-4
0
0
6
6
0
17224
8263
7
9
6
6
8
12
307
2
2
0
0
-2
-2
-2
-2
0
-2
2
0
8
2
2
2
0
2
-2
17224
8264
8
5
2
2
8
2
308
2
0
12
100
-6
6
0
100
6
0
-12
17224
8265
9
5
3
2
7
14
309
2
4
0
-102
0
0
12
-102
0
4
0
17224
8266
10
5
2
4
2
14
310
2
2
-2
2
0
2
2
0
10
-6
0
17224
8267
11
4
2
2
8
2
311
2
0
12
106
0
-6
-6
6
-6
17224
8268
12
2
2
14
8
2
312
2
0
-12
6
0
17224
8269
13
4
2
2
8
2
313
2
0
12
3
-6
3
6
0
-12
17224
8270
14
3
2
2
8
14
314
2
0
12
6
-12
0
12
17224
8271
15
8
3
2
3
2
315
2
-1
1
0
10
1
1
4
0
1
-1
0
-10
-1
-1
-4
0
17224
8272
16
6
2
2
2
8
316
2
0
12
4
0
2
-2
0
-2
-2
-2
-4
0
17224
8273
17
10
3
2
9
1
317
2
-1
1
0
10
1
1
4
0
1
-1
0
-10
-1
-1
-4
0
103
2
3
-3
17224
8274
18
7
2
2
8
2
318
2
0
12
4
0
2
-2
0
-2
-2
-2
-4
0
6
-6
17224
8275
19
11
2
3
8
12
319
2
2
-2
2
0
2
2
0
2
-2
2
-2
0
-2
2
0
2
2
2
2
0
2
-2
17224
8276
20
3
5
2
9
14
320
2
0
12
-104
0
8
0
17224
8277
21
5
2
14
8
14
321
2
0
-10
2
-2
2
0
2
2
0
10
17224
8278
22
2
2
14
8
14
322
2
3
-12
3
12
17224
8279
23
4
1
14
9
14
323
2
2
-12
2
6
2
-6
2
12
17224
8280
24
3
2
2
8
2
324
2
6
12
-106
0
6
-12
17224
8281
25
4
5
2
5
8
325
2
0
6
-3
6
106
0
-3
-6
17224
8282
26
3
8
2
6
8
326
2
-6
0
6
12
-6
0
0
2
0
25857
84
0
0
28552
-28046
32613
0
28552
-28046
32613
0
18816
10226
0
0
18816
10226
0
0
64
0
1017
0
-22352
-30401
32613
0
32
0
1018
0
15232
9944
0
0
2
0
0
0
0
0
0
0
0
0
0
0
1
0
0
467
1
0
2
0
0
0
0
0
2
0
35
0
-22352
-30401
32613
0
-21120
9891
0
0
-18912
-30401
32613
0
64
0
1017
0
0
0
0
0
0
0
0
0
15264
9944
0
0
2
0
0
0
0
0
0
0
0
0
0
0
1
0
0
467
1
0
2
0
0
0
0
0
2
0
35
0
0
0
0
0
-20800
9891
0
0
-18912
-30401
32613
0
64
0
1017
0
0
0
0
0
28976
10172
0
0
15296
9944
0
0
2
0
0
0
0
0
0
0
0
0
0
0
1
0
0
467
1
0
2
0
0
0
0
0
2
0
35
0
0
0
0
0
-20480
9891
0
0
-18912
-30401
32613
0
64
0
1017
0
0
0
0
0
0
0
0
0
15328
9944
0
0
2
0
0
0
0
0
0
0
0
0
0
0
1
0
0
467
1
0
2
0
0
0
0
0
2
0
35
0
0
0
0
0
-20160
9891
0
0
-18912
-30401
32613
0
64
0
1017
0
8
0
0
0
4
0
771
0
15360
9944
0
0
2
0
0
0
0
0
0
0
0
0
0
0
1
0
0
467
1
0
2
0
0
0
0
0
2
0
35
0
8
0
0
0
-19840
9891
0
0
-18912
-30401
32613
0
64
0
1017
0
-22352
-30401
32613
0
32
0
1018
0
15392
9944
0
0
2
0
0
0
0
0
0
0
0
0
0
0
1
0
0
467
1
0
2
0
0
0
0
0
2
0
35
0
-22352
-30401
32613
0
-19520
9891
0
0
-18912
-30401
32613
0
64
0
1017
0
0
0
0
0
0
0
0
0
15424
9944
0
0
2
0
0
0
0
0
0
0
0
0
0
0
1
0
0
467
1
0
2
0
0
0
0
0
2
0
35
0
0
0
0
0
-19200
9891
0
0
-18912
-30401
32613
0
64
0
1017
0
0
0
0
0
29760
10172
0
0
15456
9944
0
0
2
0
0
0
0
0
0
0
0
0
0
0
1
0
0
467
1
0
2
0
0
0
0
0
2
0
35
0
0
0
0
0
-18880
9891
0
0
-18912
-30401
32613
0
64
0
1017
0
0
0
0
0
0
0
0
0
15488
9944
0
0
2
0
0
0
0
0
0
0
0
0
0
0
1
0
0
467
1
0
2
0
0
0
0
0
