#the itab file
1
61
121
181
241
301
361
421
481
541
601
661
721
781
841
901
961
1021
1081
1141
1201
1219
1237
0
0
0
0
0
0
0
0
0
0
0
0
0
0
0
0
0
1377
1391
1407
1419
1449
1487
1515
1549
1601
1671
1687
1719
1747
1773
1815
1867
1919
1949
1967
1991
2033
2077
2109
2169
2205
2263
2307
2343
2371
2413
2467
2517
2571
2617
2659
2705
2743
2777
2815
2849
2889
2917
2945
2969
2993
3013
3041
3065
3097
3127
3161
3221
3281
3367
3443
3555
3623
3727
3785
3869
3907
3975
4043
4141
4239
4367
4431
4519
4571
4639
4659
4691
4723
4767
4811
4867
4895
4917
4941
4981
5031
5085
5163
5229
5299
5337
5379
5415
5455
5509
5567
5637
5735
5791
5861
5923
5971
6033
6101
6149
6175
6233
6307
6357
6407
6485
-34
-34
-34
-34
6563
6597
6633
6699
6767
6861
6959
7057
7137
7233
7277
7301
7321
7381
7447
7471
7487
7513
24
24
7555
7579
7615
7655
7695
7721
7733
7753
7795
24
7825
7839
7859
7889
7911
7943
7987
8021
8043
24
8077
8097
8127
8147
8167
8189
8211
8243
8265
24
8305
8319
8333
8345
8359
8371
8385
8399
8411
24
8425
8443
8461
8479
8497
8515
8533
8551
24
24
8569
24
24
24
24
24
24
24
24
24
8613
8647
8663
8679
8695
8711
8727
8743
8759
8775
8791
8807
8823
8839
8855
8871
8887
8903
8919
8935
8951
8967
8983
8999
9015
9031
9047
9063
9079
9095
9111
9127
9143
9159
9175
9191
9207
24
24
24
9223
9255
9287
9319
9351
9383
9415
9447
9479
9511
9543
9575
9607
9639
9671
9703
9735
9767
9799
9831
9863
9895
9927
9959
9991
10023
10055
10087
10119
10151
10183
10215
10247
10279
10311
10343
24
24
24
24
10375
10401
10415
10439
10469
10489
10515
10545
10563
10605
10635
10653
10665
10683
10695
10733
0
0
0
0
0
0
0
0
0
0
0
0
0
0
0
0
0
0
0
0
0
0
0
0
10773
10795
10827
10851
10873
10895
10915
10943
10963
10983
11003
11021
11035
11053
11069
11095
11117
11147
11171
11203
11219
11239
11253
11271
11287
11305
0
0
0
