#the itab file
1
51
101
151
201
251
301
351
401
451
501
551
601
651
701
751
801
851
901
951
0
0
0
0
0
0
0
0
0
0
0
0
0
0
0
0
0
0
0
0
1001
1013
1029
1047
1077
1115
1143
1177
0
1229
1245
0
0
0
0
0
1277
1311
1329
0
0
0
0
1353
0
0
0
0
0
0
1381
0
0
1431
0
1473
0
1511
0
0
1549
0
0
0
1577
0
0
0
0
1597
0
0
0
0
0
0
0
0
0
1631
0
0
0
0
0
0
0
0
0
1669
0
0
0
0
0
1689
1717
1739
1763
1803
0
0
0
0
0
0
1819
0
1835
0
0
0
0
0
0
0
0
0
0
0
0
0
1869
1893
1913
1983
2039
2063
2079
2105
2147
0
0
0
0
0
0
0
0
2191
2235
2269
2285
2301
2317
2333
2349
2365
2381
2397
2413
2429
2445
2461
2477
2493
2509
2525
2541
2557
2573
2589
2605
2621
2637
2653
2669
2685
2701
2717
2733
2749
2765
2781
2797
2813
2829
0
0
0
0
0
0
0
0
0
0
0
0
0
0
0
0
0
0
0
0
0
0
0
0
0
0
0
0
0
0
0
0
0
0
0
0
0
0
0
0
0
0
0
0
0
0
0
0
0
0
0
0
0
0
0
0
0
0
0
0
0
0
0
0
0
0
0
0
0
0
0
0
0
0
0
0
0
0
0
0
0
0
0
0
0
0
0
0
0
0
0
0
0
0
0
0
0
0
0
0
0
0
0
0
0
0
0
0
0
0
0
0
0
0
0
0
0
0
0
0
0
0
0
0
0
0
0
0
0
0
0
0
0
0
0
0
0
0
0
0
0
0
0
0
0
0
0
0
0
0
0
0
0
0
0
0
0
0
0
0
0
0
0
0
0
0
0
0
0
0
0
0
0
0
0
0
0
0
0
0
0
0
